4808 	4038 	10308 	515 	21
4809 	4037 	12060 	541 	24
4810 	4040 	8785 	504 	18
4817 	7667 	13655 	562 	27
4821 	7691 	18500 	592 	35
4822 	7699 	19239 	612 	36
4823 	7709 	20828 	574 	40
4824 	7720 	18425 	592 	35
4825 	7729 	18404 	594 	35
4826 	7739 	17173 	568 	33
4827 	7749 	18191 	563 	35
4828 	7759 	20706 	606 	39
4829 	7770 	22304 	623 	41
4830 	7781 	20701 	604 	39
4831 	7783 	23330 	587 	44
4837 	3321 	7908 	483 	17
4837 	3382 	7890 	486 	17
4837 	4222 	7563 	501 	16
4837 	5575 	7565 	499 	16
4837 	5619 	8351 	490 	18
4837 	5738 	7366 	474 	16
4837 	6320 	8068 	502 	17
4837 	6569 	8561 	505 	18
4837 	7418 	8500 	507 	18
4837 	7734 	7542 	499 	16
4839 	3320 	8453 	487 	18
4839 	3381 	8396 	490 	18
4839 	3543 	8126 	504 	17
4839 	3736 	7875 	483 	17
4839 	4221 	8578 	506 	18
4839 	4240 	7860 	491 	17
4839 	4293 	7554 	503 	16
4839 	4603 	8071 	494 	17
4839 	5093 	7664 	502 	16
4839 	5126 	8066 	503 	17
4839 	5225 	7697 	502 	16
4839 	5350 	7558 	502 	16
4839 	5408 	8090 	504 	17
4839 	5619 	8390 	492 	18
4839 	5738 	7895 	481 	17
4839 	5984 	8638 	506 	18
4839 	6165 	15570 	506 	33
4839 	6320 	8131 	506 	17
4839 	6443 	7696 	503 	16
4839 	6569 	8634 	512 	18
4839 	6696 	7358 	477 	16
4839 	7102 	7496 	491 	16
4839 	7234 	8123 	504 	17
4839 	7418 	8574 	513 	18
4839 	7536 	10858 	502 	23
4839 	7711 	7757 	503 	16
4839 	7734 	7573 	504 	16
4858 	4328 	10130 	505 	21
4859 	7124 	50934 	520 	100
4859 	7229 	27083 	550 	52
4860 	6962 	34111 	503 	69
4861 	6873 	23628 	528 	47
4862 	6831 	25813 	606 	50
4863 	6804 	24357 	756 	43
4864 	6788 	23625 	751 	44
4865 	6787 	25701 	1454 	41
4866 	6788 	24991 	1422 	34
4867 	6792 	21941 	998 	37
4868 	6809 	7810 	484 	17
4909 	5807 	8757 	506 	18
4921 	4852 	10641 	524 	22
4943 	4835 	9765 	512 	20
4945 	6789 	7963 	481 	17
4961 	6789 	7483 	479 	16
4966 	6789 	7267 	466 	16
4972 	6789 	7920 	478 	17
4975 	6789 	7525 	484 	16
5004 	3271 	9362 	510 	19
5014 	3482 	11379 	525 	23
5014 	3580 	12383 	527 	25
5015 	3481 	12819 	554 	25
5015 	3579 	13897 	554 	27
5016 	3582 	13150 	545 	26
5016 	3626 	10941 	524 	22
5017 	3583 	12647 	547 	25
5017 	3625 	13194 	559 	26
5018 	3583 	33646 	540 	66
5019 	3587 	32817 	585 	61
5020 	3617 	15655 	591 	30
5080 	5861 	11993 	573 	24
5081 	5863 	14304 	592 	28
5082 	5871 	13194 	579 	26
5083 	5878 	13708 	581 	27
5084 	5885 	14364 	611 	28
5085 	5893 	13869 	585 	27
5086 	5901 	13846 	598 	27
5087 	5908 	13896 	592 	27
5088 	5916 	13863 	587 	27
5089 	5923 	14015 	604 	27
5090 	5930 	14562 	601 	28
5091 	5937 	14874 	623 	28
5092 	5944 	14904 	586 	29
5093 	5953 	14019 	595 	27
5094 	5960 	14557 	597 	28
5095 	5967 	15876 	692 	29
5096 	5974 	15289 	594 	29
5097 	5983 	14311 	590 	28
5098 	5990 	14712 	607 	28
5099 	5941 	17000 	694 	31
5099 	5993 	18592 	736 	33
5099 	6289 	7436 	476 	16
5100 	5953 	43748 	600 	81
5101 	5965 	10414 	523 	21
5101 	5994 	25839 	625 	49
5102 	6009 	20607 	605 	39
5103 	6024 	16762 	618 	32
5120 	6160 	13587 	564 	27
5121 	6168 	13743 	570 	27
5122 	6175 	14685 	573 	29
5123 	6183 	14425 	587 	28
5124 	6191 	14590 	603 	28
5125 	6198 	14579 	584 	28
5126 	6206 	14423 	581 	28
5127 	6214 	15087 	609 	29
5128 	6222 	15123 	591 	29
5129 	6229 	15176 	600 	29
5130 	6237 	14879 	592 	29
5131 	6245 	14510 	587 	28
5132 	6253 	14131 	577 	28
5133 	6258 	17167 	657 	32
5134 	6267 	15470 	584 	30
5135 	6276 	13695 	571 	27
5135 	6750 	20454 	627 	38
5136 	6285 	14091 	553 	28
5136 	6728 	24405 	637 	45
5137 	6292 	14251 	592 	28
5137 	6711 	23835 	650 	43
5138 	6299 	14066 	564 	28
5138 	6693 	25356 	646 	46
5139 	6307 	14073 	564 	28
5139 	6670 	23579 	622 	44
5140 	6315 	14378 	588 	28
5140 	6654 	23336 	673 	42
5141 	6322 	14600 	562 	29
5141 	6633 	31261 	697 	57
5142 	6330 	14320 	566 	28
5142 	6614 	24592 	695 	43
5143 	6338 	14586 	567 	29
5143 	6595 	22058 	632 	41
5144 	6345 	14750 	586 	29
5144 	6404 	9109 	507 	19
5144 	6525 	24006 	594 	46
5144 	6575 	22687 	780 	40
5145 	6354 	14929 	580 	29
5145 	6538 	37693 	843 	64
5146 	6362 	14582 	585 	28
5146 	6530 	39803 	899 	65
5147 	6369 	14811 	580 	29
5147 	6515 	51922 	823 	88
5148 	6377 	14396 	575 	28
5148 	6494 	24937 	649 	45
5148 	6543 	32246 	595 	61
5149 	6385 	14340 	574 	28
5149 	6472 	25471 	655 	46
5149 	6540 	11512 	571 	23
5150 	6392 	17869 	614 	34
5150 	6451 	25654 	638 	47
5150 	6536 	12018 	573 	24
5151 	6398 	17279 	660 	32
5151 	6435 	25603 	721 	45
5151 	6533 	10799 	547 	22
5152 	6407 	31746 	655 	58
5152 	6528 	12912 	570 	26
5153 	6399 	24452 	621 	45
5153 	6520 	15877 	624 	31
5154 	6377 	23496 	665 	42
5154 	6424 	14717 	579 	29
5154 	6514 	12281 	555 	25
5155 	6358 	21488 	623 	40
5155 	6422 	21005 	614 	39
5155 	6499 	17320 	578 	34
5156 	6334 	28025 	699 	50
5156 	6440 	15165 	575 	30
5156 	6498 	21327 	711 	39
5157 	6313 	22243 	624 	41
5157 	6448 	14189 	565 	28
5157 	6506 	15385 	572 	30
5158 	6295 	20662 	682 	38
5158 	6456 	14186 	568 	28
5159 	6287 	14028 	637 	27
5159 	6464 	14244 	570 	28
5160 	6289 	7806 	471 	17
5160 	6472 	14808 	576 	29
5161 	6480 	13792 	557 	28
5162 	6488 	14570 	569 	29
5163 	6496 	14680 	575 	29
5164 	6503 	14431 	565 	29
5165 	6512 	14534 	566 	29
5166 	6518 	14970 	570 	30
5167 	6527 	15076 	571 	30
5168 	6534 	15160 	579 	30
5169 	6543 	14089 	566 	28
5170 	6551 	14339 	586 	28
5170 	6590 	12968 	553 	26
5171 	6559 	25352 	564 	51
5172 	6567 	22226 	571 	44
5173 	6574 	24609 	569 	48
5174 	6582 	25210 	584 	49
5175 	6590 	22863 	573 	45
5176 	6598 	20413 	568 	40
5177 	6606 	18204 	590 	35
5178 	6613 	17603 	652 	33
5179 	6620 	15981 	600 	31
5180 	6629 	15148 	576 	30
5181 	6638 	16859 	566 	33
5182 	6647 	13968 	557 	28
5183 	6657 	11415 	530 	23
5184 	6663 	11974 	536 	24
5185 	6668 	13072 	554 	26
5186 	6675 	13192 	547 	26
5187 	6683 	13083 	545 	26
5188 	6689 	13496 	543 	27
5189 	6697 	12904 	539 	26
5190 	6289 	7326 	471 	16
5190 	6704 	12895 	533 	26
5191 	6289 	7366 	473 	16
5191 	6711 	13023 	545 	26
5192 	6289 	7351 	473 	16
5192 	6719 	12942 	537 	26
5193 	6289 	7697 	464 	17
5193 	6725 	14179 	587 	28
5194 	6731 	14440 	535 	29
5195 	6289 	7326 	471 	16
5195 	6741 	12974 	540 	26
5196 	6289 	7914 	477 	17
5196 	6747 	14146 	549 	28
5197 	6289 	7213 	464 	16
5197 	6755 	13382 	541 	27
5198 	6764 	13668 	549 	27
5199 	6289 	7347 	473 	16
5199 	6770 	13966 	542 	28
5216 	6288 	8353 	479 	18
5216 	6895 	15841 	626 	30
5217 	6288 	8665 	470 	19
5217 	6905 	12962 	531 	26
5218 	6288 	8417 	482 	18
5218 	6913 	12669 	542 	25
5219 	6288 	8424 	483 	18
5219 	6920 	13158 	543 	26
5220 	6288 	8393 	480 	18
5220 	6927 	16062 	565 	31
5221 	6288 	8361 	477 	18
5221 	6931 	18976 	721 	34
5222 	6288 	8803 	478 	19
5222 	6940 	14221 	548 	28
5223 	6288 	8913 	484 	19
5223 	6948 	14504 	567 	28
5224 	6288 	8827 	479 	19
5224 	6942 	20337 	569 	40
5225 	4761 	9702 	513 	20
5225 	6288 	8290 	474 	18
5225 	6963 	13085 	542 	26
5226 	6288 	8627 	470 	19
5226 	6970 	13294 	531 	27
5227 	6288 	8725 	472 	19
5227 	6978 	13514 	535 	27
5228 	6288 	8800 	478 	19
5228 	6985 	13628 	544 	27
5229 	6288 	8337 	477 	18
5229 	6992 	13698 	553 	27
5230 	6288 	8443 	482 	18
5230 	6999 	13858 	556 	27
5231 	6288 	8323 	477 	18
5231 	7007 	13064 	539 	26
5245 	7112 	10419 	513 	21
5245 	7147 	11988 	546 	24
5247 	7125 	20044 	549 	39
5248 	6289 	7782 	470 	17
5248 	7130 	17276 	559 	34
5249 	6288 	8327 	475 	18
5249 	7137 	14966 	589 	29
5250 	7143 	15818 	559 	31
5251 	6289 	7539 	484 	16
5251 	7151 	15551 	569 	30
5252 	6289 	7321 	470 	16
5252 	6908 	10748 	523 	22
5252 	7156 	16590 	590 	32
5253 	7158 	18682 	579 	36
5254 	6289 	7401 	477 	16
5254 	7173 	14170 	545 	28
5255 	6289 	7850 	475 	17
5255 	7180 	14139 	553 	28
5256 	7188 	12788 	531 	26
5257 	7194 	13919 	534 	28
5258 	7202 	13055 	540 	26
5259 	7209 	12931 	537 	26
5260 	7215 	13941 	544 	28
5261 	7222 	13371 	541 	27
5262 	7230 	13267 	531 	27
5263 	7237 	13588 	546 	27
5264 	7241 	24209 	566 	48
5265 	7251 	17698 	537 	35
5266 	7258 	14631 	565 	29
5266 	7298 	8626 	498 	18
5267 	7263 	13992 	544 	28
5267 	7297 	25729 	569 	51
5268 	7271 	13545 	542 	27
5268 	7307 	17516 	519 	35
5269 	7278 	13634 	543 	27
5270 	7285 	13002 	536 	26
5271 	7291 	14127 	548 	28
5272 	7299 	12345 	527 	25
5273 	7305 	13572 	541 	27
5274 	7312 	13492 	542 	27
5275 	7318 	13602 	541 	27
5276 	7325 	21614 	535 	43
5277 	7332 	21196 	564 	41
5278 	7336 	17304 	612 	33
5279 	7342 	18544 	580 	36
5280 	7347 	18516 	562 	36
5281 	7359 	14206 	563 	28
5282 	4900 	23513 	634 	44
5282 	7364 	15108 	552 	30
5283 	4900 	59454 	868 	85
5283 	7372 	14406 	549 	28
5284 	4951 	74468 	834 	113
5284 	7380 	13036 	531 	26
5285 	5033 	67458 	791 	106
5285 	7387 	12596 	541 	25
5286 	5087 	102159 	827 	160
5286 	7392 	13911 	537 	28
5287 	5166 	89849 	809 	145
5287 	5323 	8601 	464 	19
5287 	7399 	13551 	541 	27
5288 	4788 	9288 	509 	19
5288 	5205 	11514 	548 	23
5288 	5248 	72471 	829 	120
5288 	5413 	11291 	539 	23
5288 	7406 	12908 	531 	26
5289 	4787 	11083 	545 	22
5289 	5315 	74019 	755 	118
5289 	7413 	13153 	542 	26
5290 	5328 	10966 	526 	22
5290 	5378 	69649 	784 	111
5290 	7419 	13090 	541 	26
5291 	5319 	11797 	516 	24
5291 	5408 	11487 	530 	23
5291 	5432 	64280 	671 	111
5291 	7426 	12877 	535 	26
5292 	5320 	8353 	508 	17
5292 	5491 	73586 	750 	122
5292 	7432 	13036 	541 	26
5293 	5557 	66610 	730 	109
5293 	7438 	13613 	549 	27
5294 	5631 	48357 	820 	74
5294 	7019 	18487 	613 	35
5294 	7445 	13673 	552 	27
5295 	5656 	59947 	769 	96
5295 	5784 	8667 	509 	18
5295 	7017 	17402 	679 	32
5295 	7452 	12928 	532 	26
5296 	5705 	74267 	778 	117
5296 	5839 	15493 	452 	35
5296 	5881 	7084 	448 	16
5296 	7014 	16852 	645 	32
5296 	7457 	13693 	524 	28
5297 	5758 	91584 	791 	138
5297 	5920 	8059 	451 	18
5297 	5956 	7635 	453 	17
5297 	5986 	11178 	453 	25
5297 	6012 	11812 	536 	24
5297 	6053 	8053 	450 	18
5297 	7012 	15323 	637 	29
5297 	7464 	13348 	535 	27
5298 	5772 	12109 	544 	24
5298 	5821 	91856 	883 	142
5298 	6005 	13212 	591 	26
5298 	6288 	8105 	455 	18
5298 	7007 	16696 	636 	32
5298 	7469 	14852 	546 	30
5299 	5875 	108278 	797 	164
5299 	6286 	9523 	460 	21
5299 	6312 	8200 	459 	18
5299 	7004 	16730 	632 	32
5299 	7477 	14023 	543 	28
5300 	5954 	51498 	721 	87
5300 	7000 	16596 	627 	32
5300 	7483 	13854 	545 	28
5301 	6997 	17100 	650 	32
5301 	7490 	13446 	531 	27
5302 	6994 	17054 	654 	32
5302 	7497 	12873 	529 	26
5303 	6990 	17649 	664 	33
5303 	7503 	12881 	531 	26
5304 	6987 	17101 	659 	32
5304 	7510 	12936 	537 	26
5305 	6983 	17050 	650 	32
5305 	7517 	12364 	525 	25
5306 	6980 	16310 	655 	31
5306 	7523 	11552 	511 	24
5307 	6976 	17110 	666 	32
5307 	7530 	12357 	521 	25
5308 	6972 	17211 	676 	32
5308 	7535 	14109 	559 	28
5309 	6969 	18205 	682 	34
5309 	7541 	15020 	559 	30
5310 	6966 	16505 	660 	31
5310 	7548 	14446 	551 	29
5311 	6962 	17085 	657 	32
5311 	7555 	14138 	563 	28
5312 	6958 	17433 	661 	32
5312 	7562 	14447 	568 	28
5313 	6954 	18350 	687 	33
5313 	7568 	14624 	571 	28
5314 	6950 	19163 	712 	34
5314 	7575 	15137 	574 	29
5315 	6947 	18626 	696 	33
5315 	7581 	15831 	586 	30
5316 	6942 	18664 	683 	34
5316 	7587 	14951 	574 	29
5317 	6938 	19014 	701 	34
5317 	7594 	13819 	549 	27
5318 	6933 	20286 	748 	35
5318 	7602 	12821 	544 	25
5319 	6929 	20070 	736 	35
5319 	7607 	13300 	544 	26
5320 	6926 	18413 	688 	33
5320 	7613 	13395 	549 	26
5321 	6920 	19723 	692 	35
5321 	7619 	14130 	566 	27
5322 	6914 	20782 	721 	37
5322 	7625 	13087 	541 	26
5323 	6912 	20444 	771 	35
5323 	7631 	13347 	555 	26
5324 	6909 	19313 	733 	34
5324 	7637 	13839 	556 	27
5325 	6906 	19546 	753 	34
5325 	7643 	14323 	547 	28
5326 	6902 	19778 	728 	35
5326 	7649 	13736 	550 	27
5329 	6888 	19945 	691 	36
5329 	7667 	15591 	586 	30
5330 	6887 	18715 	738 	33
5330 	7671 	15997 	562 	31
5331 	6884 	18724 	721 	33
5331 	7682 	13342 	549 	26
5332 	6880 	18702 	714 	33
5332 	7688 	13484 	560 	26
5333 	6877 	18095 	714 	32
5333 	7693 	14543 	565 	28
5334 	6872 	19156 	707 	34
5334 	7699 	14448 	557 	28
5335 	6869 	18491 	716 	33
5335 	7706 	13213 	541 	26
5336 	6865 	18372 	694 	33
5336 	7713 	13320 	548 	26
5337 	6861 	18033 	681 	33
5337 	7720 	12094 	533 	24
5338 	6858 	17649 	689 	32
5338 	7726 	13117 	535 	26
5339 	6854 	17172 	669 	32
5339 	7731 	13948 	543 	28
5340 	6850 	17400 	670 	32
5340 	7736 	14292 	557 	28
5341 	6846 	17989 	674 	33
5341 	7744 	13656 	544 	27
5342 	6843 	17374 	678 	32
5342 	7749 	14159 	542 	28
5343 	6840 	16947 	672 	31
5343 	7755 	14997 	570 	29
5344 	6835 	17784 	659 	33
5344 	7759 	16362 	561 	32
5345 	6831 	17776 	673 	33
5345 	7768 	14663 	554 	29
5346 	6828 	17998 	682 	33
5346 	7775 	14732 	557 	29
5347 	6825 	17231 	666 	32
5347 	7780 	17170 	666 	32
5348 	6822 	16520 	667 	31
5348 	7781 	19122 	643 	36
5349 	6818 	16732 	660 	31
5349 	7794 	14733 	561 	29
5350 	6814 	17255 	664 	32
5351 	6810 	17478 	655 	33
5352 	6807 	18275 	700 	33
5353 	6803 	18033 	684 	33
5354 	6799 	17461 	670 	32
5355 	6795 	18055 	681 	33
5356 	6792 	18152 	745 	32
5357 	6787 	24591 	644 	45
5358 	6784 	26302 	611 	50
5359 	6781 	15706 	604 	30
5360 	6778 	15809 	619 	30
5361 	6774 	15751 	625 	30
5362 	6769 	16777 	628 	32
5363 	6764 	20247 	746 	36
5364 	6762 	23560 	838 	40
5365 	6760 	25476 	839 	43
5366 	6757 	28340 	776 	51
5367 	6755 	18204 	697 	33
5367 	6791 	9882 	522 	20
5368 	6752 	16483 	639 	31
5368 	6792 	10789 	522 	22
5369 	6749 	17369 	679 	32
5369 	6794 	10836 	521 	22
5370 	6746 	17860 	660 	33
5370 	6796 	9876 	513 	20
5371 	6743 	15957 	619 	30
5371 	6798 	7996 	515 	16
5372 	6741 	14943 	600 	29
5372 	6798 	9216 	501 	19
5373 	6738 	14495 	601 	28
5373 	6800 	8271 	501 	17
5374 	6734 	15841 	615 	30
5374 	6799 	9949 	515 	20
5375 	6731 	15569 	610 	30
5375 	6799 	9755 	511 	20
5376 	6728 	15757 	615 	30
5376 	6799 	9909 	514 	20
5377 	6725 	15761 	626 	30
5377 	6800 	9281 	509 	19
5378 	6722 	15867 	622 	30
5378 	6801 	8436 	512 	17
5379 	6719 	15467 	598 	30
5379 	6801 	8244 	500 	17
5380 	6715 	16266 	605 	31
5380 	6800 	10393 	514 	21
5381 	6712 	16057 	640 	30
5381 	6801 	9920 	517 	20
5382 	6708 	16892 	633 	32
5382 	6800 	11906 	521 	24
5383 	6704 	17295 	628 	33
5383 	6803 	14831 	517 	30
5384 	6701 	20860 	684 	38
5384 	6813 	10879 	520 	22
5385 	6697 	23844 	653 	44
5386 	6694 	16176 	615 	31
5387 	6691 	16591 	620 	31
5388 	6687 	15906 	603 	31
5389 	6684 	15748 	612 	30
5390 	6681 	15508 	599 	30
5391 	6676 	16406 	610 	32
5392 	6674 	16344 	632 	31
5393 	6670 	16446 	629 	31
5394 	6665 	18664 	644 	35
5395 	6662 	20852 	644 	39
5396 	6659 	16934 	628 	32
5397 	6656 	16088 	611 	31
5398 	6653 	15548 	600 	30
5399 	6650 	15288 	582 	30
5400 	6646 	15262 	584 	30
5401 	6643 	15371 	584 	30
5402 	6638 	16154 	603 	31
5403 	6612 	28400 	644 	54
5404 	6615 	24571 	650 	47
5405 	6621 	19318 	606 	37
5406 	6621 	16754 	611 	32
5407 	6618 	16553 	600 	32
5408 	6615 	15520 	589 	30
5409 	6611 	15513 	592 	30
5410 	6607 	16173 	595 	31
5411 	6603 	18882 	604 	36
5412 	6600 	16725 	586 	32
5413 	6594 	16589 	600 	32
5414 	6590 	17858 	666 	33
5415 	6585 	18840 	658 	35
5416 	6581 	17196 	631 	33
5417 	6577 	17121 	609 	33
5418 	6573 	15513 	583 	30
5419 	6568 	16132 	597 	31
5420 	6564 	16695 	601 	32
5421 	6560 	16295 	607 	31
5422 	6556 	16206 	610 	31
5423 	6552 	16365 	609 	31
5424 	6549 	15740 	602 	30
5425 	6544 	16306 	606 	31
5426 	6540 	18055 	611 	34
5427 	6536 	21622 	608 	41
5428 	6532 	16252 	592 	31
5429 	6528 	15802 	603 	30
5430 	6523 	16011 	585 	31
5431 	6519 	16401 	605 	31
5432 	6515 	16089 	588 	31
5433 	6505 	18991 	610 	36
5434 	6502 	20628 	788 	36
5435 	6500 	20565 	747 	36
5436 	6497 	18675 	646 	35
5437 	6491 	21538 	687 	39
5438 	6487 	21405 	640 	39
5439 	6486 	16826 	604 	32
5440 	6480 	16722 	596 	32
5441 	6474 	18794 	664 	35
5442 	6472 	17520 	672 	33
5443 	6469 	15305 	576 	30
5444 	6465 	14580 	561 	29
5445 	3870 	11712 	558 	24
5445 	3914 	11735 	574 	24
5445 	6460 	14869 	554 	30
5446 	6456 	15074 	562 	30
5447 	6452 	14477 	556 	29
5448 	6448 	14772 	563 	29
5449 	6444 	14128 	558 	28
5450 	6439 	14587 	549 	29
5451 	6432 	17464 	624 	33
5452 	6428 	18272 	647 	34
5452 	6553 	14560 	541 	29
5453 	6423 	17450 	643 	33
5453 	6554 	12980 	552 	26
5454 	6417 	18450 	659 	34
5455 	3927 	11914 	559 	24
5455 	6410 	19214 	686 	35
5455 	6850 	11833 	523 	24
5456 	3886 	10596 	517 	22
5456 	3929 	10056 	511 	21
5456 	6408 	16809 	653 	32
5457 	3884 	15472 	696 	29
5457 	3920 	86097 	634 	153
5457 	6405 	13680 	528 	28
5458 	3766 	114517 	715 	197
5458 	6400 	13531 	557 	27
5458 	6847 	23817 	565 	46
5459 	3708 	54686 	676 	96
5459 	6402 	10423 	496 	22
5459 	6847 	23680 	682 	45
5460 	6087 	10940 	515 	23
5460 	6848 	17475 	606 	34
5461 	6085 	11094 	530 	23
5461 	6850 	14259 	520 	29
5462 	6085 	11208 	536 	23
5463 	6087 	10088 	510 	21
5464 	6086 	11699 	541 	24
5465 	6087 	11318 	546 	23
5466 	6088 	11754 	545 	24
5467 	3791 	9744 	504 	20
5467 	6088 	12552 	573 	25
5468 	3784 	12216 	518 	25
5468 	5526 	11215 	524 	23
5468 	6090 	11142 	519 	23
5469 	3783 	11418 	533 	23
5469 	6094 	9758 	514 	20
5470 	3782 	11161 	517 	23
5470 	6094 	10045 	507 	21
5471 	3781 	11330 	534 	23
5471 	6096 	10199 	521 	21
5472 	3780 	12157 	551 	24
5472 	6099 	9999 	531 	20
5473 	3780 	11444 	536 	23
5473 	6102 	9330 	510 	19
5474 	3779 	12534 	543 	25
5474 	6099 	11482 	547 	23
5475 	3779 	12093 	547 	24
5475 	6100 	11573 	562 	23
5476 	3779 	12001 	541 	24
5476 	6101 	10987 	554 	22
5477 	3778 	13863 	567 	27
5477 	6101 	13598 	619 	26
5478 	3778 	12529 	543 	25
5478 	6102 	11537 	561 	23
5479 	3779 	10984 	531 	22
5479 	6103 	11539 	551 	23
5480 	3778 	11494 	532 	23
5480 	6104 	11591 	555 	23
5481 	3777 	12187 	544 	24
5481 	6105 	11742 	565 	23
5482 	3777 	12136 	549 	24
5482 	6105 	12212 	576 	24
5483 	3777 	11629 	540 	23
5483 	6107 	11104 	547 	22
5484 	3776 	11360 	529 	23
5484 	6107 	11445 	555 	23
5485 	3776 	12132 	543 	24
5485 	6108 	11609 	557 	23
5486 	3775 	11794 	533 	24
5486 	6109 	11326 	542 	23
5487 	3775 	12046 	542 	24
5487 	6110 	11561 	552 	23
5488 	3773 	13172 	566 	26
5488 	6112 	10308 	517 	21
5489 	3772 	13791 	579 	27
5489 	6114 	10334 	522 	21
5490 	3774 	11550 	540 	23
5490 	6114 	10913 	532 	22
5491 	3774 	11251 	524 	23
5491 	6116 	10152 	512 	21
5492 	3774 	11205 	521 	23
5492 	6116 	10671 	519 	22
5493 	3773 	11762 	526 	24
5493 	6117 	11380 	546 	23
5494 	3773 	11177 	519 	23
5494 	6119 	9638 	510 	20
5495 	3773 	11420 	528 	23
5495 	6119 	11365 	533 	23
5496 	3772 	11587 	539 	23
5496 	6120 	11664 	559 	23
5497 	3772 	11364 	524 	23
5497 	6122 	10341 	522 	21
5498 	3772 	11980 	539 	24
5498 	6124 	9363 	517 	19
5499 	3771 	12521 	539 	25
5499 	6124 	10435 	531 	21
5500 	3771 	11328 	530 	23
5500 	6125 	9748 	514 	20
5501 	3771 	11195 	520 	23
5501 	6126 	10710 	524 	22
5502 	3771 	11276 	520 	23
5502 	6127 	9693 	511 	20
5503 	3771 	10276 	516 	21
5503 	6129 	9717 	515 	20
5504 	3770 	11675 	539 	23
5504 	6130 	10086 	530 	20
5505 	3770 	11367 	528 	23
5505 	6131 	10314 	524 	21
5506 	3769 	12329 	548 	24
5506 	6130 	11772 	555 	23
5507 	3768 	13327 	565 	26
5507 	6131 	11647 	554 	23
5508 	3768 	12695 	548 	25
5508 	6132 	11146 	551 	22
5509 	3768 	12089 	537 	24
5509 	6133 	11692 	563 	23
5510 	3768 	11655 	545 	23
5510 	6134 	11039 	540 	22
5511 	3767 	12057 	542 	24
5511 	6136 	10355 	519 	21
5512 	3766 	13251 	561 	26
5512 	6137 	9968 	526 	20
5513 	3765 	14049 	586 	27
5513 	6138 	11127 	545 	22
5514 	3764 	13701 	560 	27
5514 	6139 	10380 	521 	21
5515 	3765 	12747 	563 	25
5515 	6140 	10426 	525 	21
5516 	3765 	12201 	546 	24
5516 	6141 	10034 	532 	20
5517 	3765 	11685 	540 	23
5517 	6141 	11235 	555 	22
5518 	3764 	11569 	537 	23
5518 	6142 	11685 	568 	23
5519 	3764 	11532 	539 	23
5519 	6143 	12153 	559 	24
5520 	3764 	11411 	531 	23
5520 	6144 	13094 	553 	26
5521 	3763 	11460 	530 	23
5521 	6143 	15285 	644 	29
5522 	3762 	12154 	546 	24
5522 	6142 	14703 	609 	28
5523 	3761 	12590 	547 	25
5523 	6143 	18172 	584 	35
5524 	3761 	12651 	544 	25
5524 	6147 	17726 	623 	33
5525 	3761 	11916 	539 	24
5525 	6149 	11929 	554 	24
5526 	3760 	12644 	545 	25
5526 	6151 	10438 	524 	21
5527 	3760 	11409 	531 	23
5527 	6152 	10370 	529 	21
5528 	3759 	12019 	537 	24
5528 	6153 	10389 	523 	21
5529 	3758 	12667 	551 	25
5529 	6154 	9940 	524 	20
5530 	3758 	12069 	542 	24
5530 	6155 	10928 	529 	22
5531 	3757 	12088 	538 	24
5531 	6156 	10394 	524 	21
5532 	3757 	11992 	535 	24
5532 	6157 	10977 	538 	22
5533 	3757 	11735 	546 	23
5533 	6158 	10589 	535 	21
5534 	3756 	12111 	543 	24
5534 	6160 	10528 	539 	21
5535 	3755 	12219 	550 	24
5535 	6161 	9494 	525 	19
5536 	3754 	12549 	544 	25
5536 	6162 	9850 	520 	20
5537 	3755 	11462 	535 	23
5537 	6163 	9814 	514 	20
5538 	3754 	11676 	522 	24
5538 	6163 	10671 	526 	22
5539 	3754 	11282 	526 	23
5539 	6165 	9663 	509 	20
5540 	3753 	11707 	528 	24
5540 	6166 	9598 	509 	20
5541 	3753 	11534 	542 	23
5541 	6166 	10911 	533 	22
5542 	3752 	11694 	524 	24
5542 	6168 	9632 	511 	20
5543 	3752 	11459 	536 	23
5543 	6169 	10326 	521 	21
5544 	3751 	11756 	528 	24
5544 	6170 	9667 	511 	20
5545 	3751 	11551 	526 	24
5545 	6171 	9952 	506 	21
5546 	3750 	11662 	528 	24
5546 	6172 	9543 	504 	20
5547 	3750 	11295 	524 	23
5547 	6171 	11307 	539 	23
5548 	3750 	11076 	518 	23
5548 	6169 	12595 	518 	26
5549 	3749 	11455 	514 	24
5549 	6167 	13834 	508 	29
5550 	3749 	11164 	523 	23
5550 	6163 	16450 	518 	34
5551 	3747 	12287 	536 	25
5551 	6163 	17124 	529 	35
5552 	3747 	12672 	538 	26
5552 	6178 	9927 	503 	21
5553 	3745 	16210 	622 	31
5553 	6180 	9723 	512 	20
5555 	3745 	12852 	541 	26
5555 	6181 	10170 	512 	21
5557 	3745 	12406 	542 	25
5557 	6183 	9714 	510 	20
5558 	3743 	13426 	552 	27
5558 	6184 	10146 	512 	21
5559 	3742 	13565 	567 	27
5559 	6185 	10141 	511 	21
5560 	3743 	12700 	555 	25
5560 	6186 	10947 	536 	22
5561 	3743 	11895 	532 	24
5561 	6186 	11960 	553 	24
5562 	3742 	12008 	538 	24
5562 	6187 	11556 	557 	23
5563 	3742 	11929 	534 	24
5563 	6187 	12617 	573 	25
5564 	3742 	11340 	530 	23
5564 	6188 	12545 	577 	25
5565 	3741 	12971 	535 	26
5565 	6189 	11891 	543 	24
5566 	3740 	14710 	573 	29
5566 	6190 	11803 	541 	24
5567 	3739 	13677 	567 	27
5567 	6191 	12094 	575 	24
5568 	3738 	12543 	550 	25
5568 	6191 	12035 	562 	24
5569 	3738 	11730 	532 	24
5569 	6192 	13064 	595 	26
5570 	3737 	12141 	531 	25
5570 	6194 	12807 	559 	26
5571 	3737 	12452 	536 	25
5571 	6195 	11934 	540 	24
5572 	3736 	11886 	533 	24
5572 	6197 	14612 	541 	29
5573 	3736 	11751 	530 	24
5573 	6198 	18274 	528 	37
5574 	3735 	11663 	525 	24
5574 	6199 	10119 	511 	21
5575 	3735 	11780 	528 	24
5575 	6200 	10197 	516 	21
5576 	3734 	11788 	528 	24
5576 	6201 	10208 	516 	21
5577 	3733 	12370 	535 	25
5577 	6201 	10744 	523 	22
5578 	3733 	12547 	549 	25
5578 	6202 	10877 	529 	22
5579 	3732 	12415 	543 	25
5579 	6203 	10823 	534 	22
5580 	3731 	12662 	557 	25
5580 	6204 	10415 	527 	21
5581 	3731 	12369 	538 	25
5581 	6204 	11292 	537 	23
5582 	3731 	11442 	532 	23
5582 	6205 	12596 	564 	25
5583 	3729 	11882 	534 	24
5583 	6207 	9780 	519 	20
5584 	3729 	12389 	540 	25
5584 	6208 	10245 	520 	21
5585 	3728 	13339 	569 	26
5585 	6208 	10942 	526 	22
5586 	3727 	13099 	549 	26
5586 	6209 	10908 	532 	22
5587 	3727 	11986 	540 	24
5587 	6209 	11936 	550 	24
5588 	3725 	13616 	569 	27
5588 	6211 	10903 	544 	22
5589 	3726 	12744 	556 	25
5589 	6211 	12129 	556 	24
5590 	3724 	13639 	550 	27
5590 	6213 	10892 	542 	22
5591 	3722 	14418 	581 	28
5591 	6213 	11572 	551 	23
5592 	3723 	12759 	537 	26
5592 	6215 	10659 	522 	22
5593 	3723 	11792 	526 	24
5593 	6216 	10694 	522 	22
5594 	3723 	11670 	524 	24
5594 	6217 	9627 	513 	20
5595 	3722 	11834 	532 	24
5595 	6217 	10713 	520 	22
5596 	3721 	12280 	531 	25
5596 	6218 	10218 	519 	21
5597 	3721 	12173 	527 	25
5597 	6218 	11089 	515 	23
5598 	3721 	11614 	522 	24
5598 	6219 	11044 	519 	23
5599 	3720 	11957 	536 	24
5599 	6221 	10330 	525 	21
5600 	3720 	12088 	542 	24
5600 	6221 	10411 	528 	21
5601 	3719 	12048 	543 	24
5601 	6221 	12510 	542 	25
5602 	3498 	12792 	583 	25
5602 	3718 	12670 	558 	25
5602 	6222 	12112 	552 	24
5603 	3717 	13082 	563 	26
5603 	6223 	10728 	522 	22
5604 	3717 	12662 	553 	25
5604 	6224 	10969 	533 	22
5605 	3717 	12009 	536 	24
5605 	6225 	11547 	539 	23
5606 	3717 	11948 	535 	24
5606 	6225 	12156 	569 	24
5607 	3716 	11932 	536 	24
5607 	6227 	11403 	532 	23
5608 	3716 	11838 	531 	24
5608 	6229 	10253 	519 	21
5609 	3715 	11857 	537 	24
5609 	6230 	10254 	517 	21
5610 	3715 	11345 	531 	23
5610 	6230 	10291 	524 	21
5611 	3714 	11978 	535 	24
5611 	6231 	10884 	531 	22
5612 	3711 	13677 	565 	27
5612 	6232 	10854 	532 	22
5613 	3710 	14279 	583 	28
5613 	6232 	10708 	520 	22
5614 	3712 	11998 	544 	24
5614 	6233 	10841 	529 	22
5615 	3712 	11974 	539 	24
5615 	6233 	11952 	549 	24
5632 	3702 	11935 	534 	24
5632 	6249 	10968 	539 	22
5633 	3702 	11398 	531 	23
5633 	6249 	10860 	531 	22
5634 	3701 	11622 	541 	23
5634 	6251 	10503 	530 	21
5635 	3700 	12300 	531 	25
5635 	6251 	10659 	515 	22
5636 	3699 	18445 	545 	36
5636 	6252 	10975 	536 	22
5637 	3698 	16932 	562 	33
5637 	6252 	10919 	535 	22
5638 	3698 	14550 	573 	28
5638 	6253 	11624 	548 	23
5639 	3697 	12576 	547 	25
5639 	6253 	11468 	540 	23
5640 	3697 	11853 	533 	24
5640 	6254 	11377 	537 	23
5641 	3696 	12579 	546 	25
5641 	6255 	11497 	538 	23
5642 	3695 	14105 	564 	28
5642 	6255 	11229 	526 	23
5643 	3694 	17060 	578 	33
5643 	6256 	11314 	530 	23
5644 	3694 	13104 	545 	26
5644 	6258 	10953 	537 	22
5645 	3694 	11971 	537 	24
5645 	6258 	11491 	541 	23
5646 	3694 	11507 	541 	23
5646 	6259 	10952 	539 	22
5647 	3693 	11668 	523 	24
5647 	6259 	11134 	525 	23
5648 	3692 	11898 	538 	24
5648 	6260 	11383 	546 	23
5649 	3691 	12707 	559 	25
5649 	6261 	11488 	538 	23
5650 	3690 	12706 	549 	25
5650 	6262 	11113 	544 	22
5651 	3690 	12295 	548 	24
5651 	6262 	11790 	557 	23
5652 	3690 	11383 	534 	23
5652 	6263 	10853 	531 	22
5653 	3688 	13074 	557 	26
5653 	6264 	10912 	534 	22
5654 	3688 	12724 	553 	25
5654 	6265 	11060 	541 	22
5655 	3687 	12642 	549 	25
5655 	6265 	11547 	544 	23
5656 	3686 	12680 	554 	25
5656 	6266 	11023 	540 	22
5657 	3684 	13939 	581 	27
5657 	6267 	11003 	529 	22
5658 	3684 	13803 	574 	27
5658 	6267 	11443 	546 	23
5659 	3684 	13311 	556 	26
5659 	6268 	11689 	554 	23
5660 	3684 	12090 	540 	24
5660 	6268 	11562 	542 	23
5661 	3684 	11459 	533 	23
5661 	6269 	11452 	539 	23
5662 	3682 	12344 	536 	25
5662 	6269 	11905 	548 	24
5663 	3681 	13309 	572 	26
5663 	6270 	12091 	554 	24
5664 	3682 	12442 	545 	25
5664 	6271 	11331 	528 	23
5665 	3681 	11876 	535 	24
5665 	6272 	11403 	536 	23
5666 	3680 	11950 	533 	24
5666 	6273 	10983 	538 	22
5667 	3680 	11435 	531 	23
5667 	6272 	11955 	539 	24
5668 	3679 	11973 	535 	24
5668 	6272 	13558 	613 	26
5669 	3678 	11825 	532 	24
5669 	6268 	15468 	571 	30
5670 	3677 	11729 	527 	24
5670 	6259 	20086 	551 	40
5671 	3676 	11844 	531 	24
5671 	6254 	22137 	528 	45
5672 	3676 	11287 	526 	23
5672 	6277 	11299 	532 	23
5673 	3674 	11839 	529 	24
5673 	6277 	11432 	539 	23
5674 	3673 	11745 	526 	24
5674 	6278 	11313 	537 	23
5674 	6683 	7805 	498 	16
5675 	3673 	11914 	531 	24
5675 	6279 	11472 	538 	23
5676 	3672 	11835 	527 	24
5676 	6279 	11430 	536 	23
5677 	3671 	11840 	530 	24
5677 	6280 	11361 	532 	23
5678 	3670 	11996 	537 	24
5678 	6281 	11513 	540 	23
5679 	3669 	12144 	544 	24
5679 	6282 	11129 	544 	22
5680 	3668 	12020 	539 	24
5680 	6283 	11044 	543 	22
5681 	3667 	12119 	546 	24
5681 	6283 	11560 	549 	23
5682 	3666 	12519 	542 	25
5682 	6285 	11571 	542 	23
5683 	3665 	12395 	531 	25
5683 	6287 	10906 	531 	22
5684 	3665 	11347 	528 	23
5684 	6287 	12026 	559 	24
5685 	3663 	11970 	535 	24
5685 	6287 	12103 	561 	24
5686 	3663 	11173 	523 	23
5686 	6287 	11749 	546 	24
5687 	3662 	12128 	542 	24
5687 	6288 	11633 	556 	23
5688 	3661 	11858 	531 	24
5688 	6289 	12025 	553 	24
5689 	3660 	11944 	533 	24
5689 	6289 	11990 	552 	24
5690 	3659 	12372 	536 	25
5690 	6289 	13219 	589 	26
5691 	3657 	13624 	567 	27
5691 	6289 	13920 	626 	27
5692 	3656 	13471 	570 	27
5692 	6290 	11707 	536 	24
5693 	3656 	12543 	546 	25
5693 	6291 	12198 	573 	24
5694 	3655 	12170 	526 	25
5694 	6292 	11787 	547 	24
5695 	3654 	12912 	552 	26
5695 	6293 	11328 	539 	23
5696 	3654 	12439 	543 	25
5696 	6293 	11430 	536 	23
5697 	3653 	12370 	533 	25
5697 	6292 	13888 	603 	27
5698 	3652 	12583 	541 	25
5698 	6295 	11641 	549 	23
5699 	3652 	11236 	523 	23
5699 	6296 	11275 	536 	23
5700 	3651 	12071 	541 	24
5700 	6296 	12242 	568 	24
5701 	3649 	12927 	542 	26
5701 	6297 	11419 	542 	23
5702 	3649 	12662 	559 	25
5702 	6297 	12748 	584 	25
5703 	3648 	12020 	539 	24
5703 	6298 	12034 	545 	24
5704 	3647 	11886 	535 	24
5704 	6299 	11382 	541 	23
5705 	3646 	12314 	531 	25
5705 	6300 	11803 	548 	24
5706 	3645 	16779 	574 	32
5706 	6300 	11733 	561 	23
5707 	3645 	13832 	558 	27
5707 	6301 	12218 	564 	24
5708 	3644 	12192 	547 	24
5708 	6302 	11682 	552 	23
5709 	3643 	11912 	533 	24
5709 	6303 	11425 	542 	23
5710 	3643 	11233 	522 	23
5710 	6303 	11268 	537 	23
5711 	3642 	11682 	520 	24
5711 	6304 	11860 	549 	24
5712 	3641 	12093 	541 	24
5712 	6305 	11637 	554 	23
5713 	3640 	12001 	537 	24
5713 	6306 	11589 	557 	23
5714 	3640 	11307 	524 	23
5714 	6307 	11309 	538 	23
5715 	3639 	11542 	537 	23
5715 	6307 	12171 	563 	24
5716 	3638 	11318 	527 	23
5716 	6308 	11339 	542 	23
5717 	3637 	11468 	530 	23
5717 	6309 	11532 	553 	23
5718 	3636 	11416 	530 	23
5718 	6309 	11449 	549 	23
5719 	3635 	11982 	538 	24
5719 	6310 	11934 	549 	24
5720 	3634 	12675 	546 	25
5720 	6311 	12220 	567 	24
5721 	3633 	13210 	556 	26
5721 	6311 	12725 	569 	25
5722 	3633 	12263 	551 	24
5722 	6312 	11710 	557 	23
5723 	3632 	12686 	548 	25
5723 	6313 	11632 	553 	23
5724 	3631 	12664 	548 	25
5724 	6314 	11729 	564 	23
5725 	3631 	12160 	545 	24
5725 	3757 	9415 	521 	19
5725 	6314 	12813 	582 	25
5726 	3630 	12086 	538 	24
5726 	6313 	14250 	645 	27
5727 	3630 	11601 	538 	23
5727 	6314 	13744 	625 	26
5728 	3629 	11638 	539 	23
5728 	6314 	14519 	663 	27
5729 	3629 	11016 	535 	22
5729 	6314 	14768 	647 	28
5730 	3627 	12359 	557 	24
5730 	6316 	13836 	630 	26
5731 	3626 	12835 	564 	25
5731 	6317 	14210 	628 	27
5732 	3625 	12554 	541 	25
5732 	6318 	13993 	622 	27
5733 	3625 	12771 	557 	25
5733 	6319 	14325 	630 	27
5734 	3624 	12701 	553 	25
5734 	6320 	13695 	623 	26
5735 	3624 	11663 	550 	23
5735 	6321 	14137 	628 	27
5736 	3622 	12629 	551 	25
5736 	3968 	9398 	516 	19
5736 	6322 	13487 	605 	26
5737 	3622 	12619 	545 	25
5737 	6323 	13476 	604 	26
5738 	3621 	11920 	535 	24
5738 	6323 	13304 	602 	26
5739 	3621 	12049 	542 	24
5739 	6324 	13375 	601 	26
5740 	3620 	12210 	553 	24
5740 	6325 	13511 	613 	26
5741 	3619 	12403 	539 	25
5741 	6326 	13286 	599 	26
5742 	3618 	12660 	553 	25
5742 	6327 	13529 	608 	26
5743 	3617 	13034 	555 	26
5743 	6327 	13845 	598 	27
5744 	3617 	12209 	551 	24
5744 	6328 	14019 	590 	27
5745 	3616 	12661 	548 	25
5745 	6328 	14579 	599 	28
5746 	3615 	12643 	549 	25
5746 	6191 	9914 	520 	20
5746 	6330 	13991 	583 	27
5747 	3615 	12365 	560 	24
5747 	6184 	14700 	587 	28
5747 	6330 	15626 	635 	29
5748 	3614 	12252 	551 	24
5748 	6185 	13499 	588 	26
5748 	6330 	15779 	592 	30
5749 	3611 	13930 	569 	27
5749 	6331 	16060 	567 	31
5750 	3608 	15995 	625 	30
5750 	6332 	19054 	605 	36
5751 	3609 	14768 	603 	28
5751 	6333 	21278 	620 	40
5752 	3610 	12932 	568 	25
5752 	6334 	24670 	565 	48
5753 	3610 	11953 	538 	24
5753 	6335 	12015 	559 	24
5753 	6366 	11907 	532 	24
5754 	3609 	12015 	542 	24
5754 	3638 	12781 	575 	25
5754 	3680 	14668 	527 	29
5754 	6336 	12119 	551 	24
5754 	6373 	14088 	537 	28
5755 	3608 	12073 	545 	24
5755 	3640 	27774 	552 	54
5755 	3695 	14324 	583 	28
5755 	6336 	14287 	560 	28
5755 	6382 	14793 	639 	28
5756 	3607 	12210 	551 	24
5756 	3708 	12201 	545 	24
5756 	6337 	14026 	591 	27
5756 	6383 	19531 	688 	35
5757 	3606 	12684 	551 	25
5757 	3716 	15515 	557 	30
5757 	6338 	14607 	589 	28
5758 	3605 	12752 	553 	25
5758 	3727 	14489 	561 	28
5758 	6338 	18242 	625 	34
5759 	3604 	12811 	556 	25
5759 	3736 	13453 	572 	26
5759 	6339 	12265 	563 	24
5760 	3605 	10461 	513 	22
5760 	3739 	10973 	529 	23
5760 	3785 	9863 	508 	21
5760 	6341 	10450 	520 	22
5762 	6345 	7963 	493 	17
5773 	3592 	11798 	531 	24
5773 	6350 	11280 	532 	23
5774 	3591 	11910 	537 	24
5774 	6351 	11449 	548 	23
5775 	3590 	11823 	530 	24
5775 	6351 	12578 	575 	25
5776 	3590 	11376 	530 	23
5776 	6352 	11888 	544 	24
5777 	3589 	11155 	520 	23
5777 	6353 	11678 	534 	24
5778 	3586 	13081 	532 	27
5778 	6353 	12100 	540 	25
5779 	3585 	18344 	610 	35
5779 	6355 	11298 	535 	23
5780 	3584 	17509 	605 	34
5780 	6355 	11584 	531 	24
5781 	3583 	14569 	569 	29
5781 	6356 	12517 	573 	25
5782 	3584 	11756 	533 	24
5782 	6356 	12364 	550 	25
5782 	6398 	14009 	640 	27
5783 	3583 	11642 	527 	24
5783 	6358 	11171 	528 	23
5783 	6398 	13402 	567 	27
5784 	3582 	11155 	520 	23
5784 	6359 	11202 	534 	23
5785 	3579 	12993 	544 	26
5785 	6360 	11401 	535 	23
5786 	3578 	13046 	562 	26
5786 	6360 	11861 	548 	24
5787 	3578 	12094 	530 	25
5787 	6361 	11109 	528 	23
5788 	3578 	11678 	527 	24
5788 	6362 	11212 	533 	23
5789 	3577 	11260 	523 	23
5789 	6363 	11413 	551 	23
5790 	3575 	11644 	521 	24
5790 	6363 	11739 	537 	24
5791 	3575 	10948 	510 	23
5791 	6364 	10993 	522 	23
5792 	3573 	11770 	528 	24
5792 	6365 	11320 	538 	23
5793 	3572 	11905 	534 	24
5793 	6366 	11389 	536 	23
5794 	3571 	11859 	534 	24
5794 	6366 	12579 	569 	25
5795 	3570 	11465 	536 	23
5795 	6367 	12032 	555 	24
5796 	3569 	12043 	539 	24
5796 	6368 	11575 	550 	23
5797 	3568 	11381 	534 	23
5797 	6369 	11333 	535 	23
5798 	3567 	11887 	532 	24
5798 	6370 	11446 	548 	23
5799 	3566 	11507 	535 	23
5799 	6371 	11021 	545 	22
5800 	3564 	11795 	532 	24
5800 	6371 	11816 	540 	24
5801 	3563 	11955 	536 	24
5801 	3594 	12445 	536 	25
5801 	6372 	11489 	545 	23
5802 	3562 	12042 	539 	24
5802 	6372 	12052 	552 	24
5803 	3561 	11530 	539 	23
5803 	6373 	11515 	546 	23
5804 	3560 	12029 	538 	24
5804 	6374 	12040 	548 	24
5805 	3558 	11774 	527 	24
5805 	6375 	11257 	531 	23
5806 	3556 	13850 	574 	27
5806 	6375 	12009 	548 	24
5807 	3555 	13714 	575 	27
5807 	6376 	11339 	537 	23
5808 	3555 	12428 	543 	25
5808 	6377 	11332 	536 	23
5809 	3554 	14731 	550 	29
5809 	6377 	11474 	546 	23
5810 	3553 	15301 	567 	30
5810 	6378 	11380 	544 	23
5811 	3552 	12427 	541 	25
5811 	6378 	11973 	552 	24
5812 	3551 	11205 	519 	23
5812 	6379 	11238 	534 	23
5813 	3550 	11852 	530 	24
5813 	6380 	11359 	536 	23
5814 	3549 	11333 	528 	23
5814 	6380 	11843 	540 	24
5815 	3547 	11686 	525 	24
5815 	6381 	11157 	526 	23
5816 	3546 	12418 	546 	25
5816 	6382 	11319 	536 	23
5817 	3545 	12053 	542 	24
5817 	6382 	11472 	541 	23
5818 	3544 	11960 	530 	24
5818 	6383 	11493 	542 	23
5819 	3543 	12004 	533 	24
5819 	6384 	11504 	543 	23
5820 	3542 	11483 	532 	23
5820 	6384 	12033 	552 	24
5821 	3540 	12323 	537 	25
5821 	6385 	11208 	529 	23
5822 	3539 	11820 	531 	24
5822 	6386 	11313 	540 	23
5823 	3538 	11995 	542 	24
5823 	6386 	11979 	551 	24
5824 	3536 	13597 	567 	27
5824 	6387 	11302 	531 	23
5825 	3536 	11939 	541 	24
5825 	6387 	11354 	538 	23
5826 	3534 	12962 	558 	26
5826 	6388 	11292 	534 	23
5827 	3533 	12720 	535 	26
5827 	6388 	11646 	526 	24
5828 	3533 	11928 	532 	24
5828 	6389 	11417 	540 	23
5829 	3532 	11749 	524 	24
5829 	6389 	11794 	540 	24
5830 	3531 	11342 	528 	23
5830 	6389 	13861 	608 	27
5831 	3530 	11344 	526 	23
5831 	6390 	11962 	551 	24
5832 	3528 	11819 	525 	24
5832 	6391 	11391 	540 	23
5833 	3527 	12044 	534 	24
5833 	6391 	12126 	555 	24
5834 	3525 	12573 	541 	25
5834 	6391 	12618 	559 	25
5835 	3523 	17792 	553 	35
5835 	6392 	12527 	566 	25
5836 	3522 	18946 	608 	36
5836 	6393 	11348 	536 	23
5837 	3521 	16044 	594 	31
5837 	6394 	11396 	536 	23
5838 	3521 	12428 	542 	25
5838 	6394 	11329 	536 	23
5839 	3520 	11948 	538 	24
5839 	6395 	10984 	542 	22
5840 	3519 	11899 	538 	24
5840 	6395 	11348 	535 	23
5841 	3517 	11989 	537 	24
5841 	6395 	12030 	551 	24
5842 	3516 	12175 	551 	24
5842 	6396 	12119 	553 	24
5843 	3514 	12685 	551 	25
5843 	6397 	11625 	554 	23
5844 	3512 	14673 	602 	28
5844 	6397 	11648 	553 	23
5845 	3511 	14549 	598 	28
5845 	6397 	12099 	551 	24
5846 	3511 	12067 	541 	24
5846 	6398 	12062 	552 	24
5847 	3510 	12003 	537 	24
5847 	6399 	11516 	544 	23
5848 	3508 	12574 	547 	25
5848 	6399 	11522 	549 	23
5849 	3508 	11997 	539 	24
5849 	6399 	11958 	548 	24
5850 	3506 	12260 	530 	25
5850 	6400 	11927 	556 	24
5851 	3505 	12039 	540 	24
5851 	6400 	12137 	563 	24
5852 	3503 	12505 	539 	25
5852 	6400 	13335 	604 	26
5853 	3502 	11990 	541 	24
5853 	6401 	11993 	554 	24
5854 	3501 	11881 	535 	24
5854 	6402 	11874 	551 	24
5855 	3500 	11905 	528 	24
5855 	6402 	11360 	537 	23
5856 	3498 	11775 	527 	24
5856 	6403 	11307 	540 	23
5857 	3498 	11121 	517 	23
5857 	6402 	13680 	615 	27
5858 	3496 	11416 	530 	23
5858 	6403 	15189 	625 	29
5859 	3494 	12263 	534 	25
5859 	6404 	12466 	574 	25
5860 	3493 	12447 	541 	25
5860 	6405 	12738 	594 	25
5861 	3493 	11318 	526 	23
5861 	6406 	11340 	540 	23
5862 	3492 	11122 	518 	23
5862 	6406 	11722 	547 	24
5863 	3490 	11584 	516 	24
5863 	6407 	13324 	634 	26
5864 	3489 	11925 	537 	24
5864 	6407 	11919 	542 	24
5865 	3487 	12070 	524 	25
5865 	6409 	11108 	531 	23
5866 	3486 	11823 	525 	24
5866 	6409 	11326 	538 	23
5867 	3485 	12034 	535 	24
5867 	6410 	11562 	548 	23
5868 	3483 	12290 	536 	25
5868 	6411 	11285 	539 	23
5869 	3482 	11820 	533 	24
5869 	6411 	11886 	551 	24
5870 	3482 	11758 	524 	24
5870 	6411 	12402 	561 	25
5871 	3480 	11543 	517 	24
5871 	6412 	11071 	528 	23
5872 	3479 	11974 	533 	24
5872 	6412 	13309 	594 	26
5873 	3477 	12641 	543 	25
5873 	6413 	12781 	570 	25
5874 	3476 	11800 	529 	24
5874 	6414 	11299 	537 	23
5875 	3475 	12452 	541 	25
5875 	6415 	11868 	544 	24
5876 	3474 	12640 	547 	25
5876 	6415 	14279 	561 	28
5877 	3473 	11458 	529 	23
5877 	6415 	14656 	629 	28
5878 	3472 	11349 	523 	23
5878 	6416 	11895 	548 	24
5879 	3470 	11699 	521 	24
5879 	6417 	11887 	559 	24
5880 	3469 	11894 	531 	24
5880 	6418 	13245 	585 	26
5880 	6545 	8224 	506 	17
5881 	3468 	11249 	524 	23
5881 	6418 	12299 	551 	25
5882 	3467 	11570 	538 	23
5882 	6419 	12109 	550 	24
5883 	3465 	11900 	533 	24
5883 	6420 	11404 	539 	23
5884 	3464 	11975 	537 	24
5884 	6421 	11447 	541 	23
5885 	3463 	11956 	534 	24
5885 	6422 	11469 	543 	23
5886 	3462 	11678 	523 	24
5886 	3542 	10113 	506 	21
5886 	6422 	11667 	533 	24
5887 	3460 	12012 	534 	24
5887 	6423 	11548 	549 	23
5888 	3459 	12026 	541 	24
5888 	6423 	12070 	556 	24
5889 	3458 	11459 	533 	23
5889 	6424 	11502 	549 	23
5890 	3456 	12112 	539 	24
5890 	6425 	12122 	554 	24
5891 	3454 	12936 	556 	26
5891 	6425 	11793 	542 	24
5892 	3453 	12544 	548 	25
5892 	6426 	11988 	548 	24
5893 	3453 	11564 	537 	23
5893 	6427 	11594 	545 	23
5894 	3452 	11424 	530 	23
5894 	6428 	11475 	541 	23
5895 	3450 	11897 	534 	24
5895 	6428 	11417 	544 	23
5896 	3449 	12134 	545 	24
5896 	6429 	11609 	549 	23
5897 	3448 	11440 	530 	23
5897 	6429 	12023 	555 	24
5898 	3445 	12685 	548 	25
5898 	6430 	12170 	556 	24
5899 	3444 	13382 	571 	26
5899 	6430 	12236 	559 	24
5900 	3443 	13460 	568 	26
5900 	6431 	12302 	560 	24
5901 	3442 	12134 	544 	24
5901 	6432 	11699 	558 	23
5902 	3441 	12048 	537 	24
5902 	6431 	13601 	622 	26
5903 	3440 	11691 	544 	23
5903 	6432 	14437 	644 	27
5904 	3439 	11586 	535 	23
5904 	6433 	15408 	622 	29
5905 	3438 	11654 	540 	23
5905 	6434 	11771 	572 	23
5906 	3436 	11517 	537 	23
5906 	6434 	13932 	599 	27
5907 	3435 	11761 	528 	24
5907 	6435 	11856 	548 	24
5908 	3434 	11553 	535 	23
5908 	6436 	12234 	573 	24
5909 	3432 	12664 	553 	25
5909 	6436 	12157 	558 	24
5910 	3431 	11974 	542 	24
5910 	6437 	12013 	552 	24
5911 	3429 	12705 	556 	25
5911 	6438 	11652 	559 	23
5912 	3428 	12428 	538 	25
5912 	6439 	11497 	545 	23
5913 	3428 	11398 	526 	23
5913 	6440 	10882 	540 	22
5914 	3426 	17626 	540 	35
5914 	6440 	11823 	540 	24
5915 	3425 	19463 	551 	38
5915 	6440 	12075 	559 	24
5916 	3424 	21049 	542 	42
5916 	6441 	13929 	592 	27
5917 	3423 	21241 	537 	43
5917 	6442 	16918 	562 	33
5918 	3422 	11167 	520 	23
5918 	3446 	9071 	497 	19
5918 	6442 	17632 	527 	36
5919 	3421 	21308 	533 	43
5919 	6443 	11408 	543 	23
5920 	3419 	21190 	557 	41
5920 	6443 	12175 	555 	24
5921 	3418 	19392 	550 	38
5921 	6444 	11419 	544 	23
5922 	3416 	18716 	570 	36
5922 	6443 	12846 	587 	25
5923 	3416 	16815 	549 	33
5923 	6444 	12646 	576 	25
5924 	3415 	16571 	565 	32
5924 	6445 	11491 	542 	23
5925 	3413 	17050 	577 	33
5925 	6446 	11419 	547 	23
5926 	3412 	16846 	583 	32
5926 	6446 	12744 	562 	25
5927 	3411 	15641 	592 	30
5927 	6446 	13877 	599 	27
5928 	3410 	14909 	586 	29
5928 	6447 	11336 	542 	23
5929 	3408 	14335 	591 	28
5929 	6448 	11306 	535 	23
5930 	3407 	13276 	574 	26
5930 	6448 	11481 	549 	23
5931 	3406 	12565 	551 	25
5931 	6449 	11508 	547 	23
5932 	3406 	11768 	531 	24
5932 	6449 	11301 	541 	23
5933 	3405 	11277 	527 	23
5933 	6449 	11861 	555 	24
5934 	3403 	11762 	530 	24
5934 	6450 	11297 	542 	23
5935 	3402 	12046 	543 	24
5935 	6450 	12130 	563 	24
5936 	3326 	11348 	529 	23
5936 	3402 	11868 	533 	24
5936 	6450 	11982 	563 	24
5937 	3324 	14301 	575 	28
5937 	3400 	11915 	535 	24
5937 	6451 	11973 	558 	24
5938 	3400 	11419 	531 	23
5938 	6452 	11412 	547 	23
5939 	3398 	11881 	536 	24
5939 	6452 	11867 	550 	24
5940 	3395 	13579 	569 	27
5940 	6453 	11270 	536 	23
5941 	3393 	14214 	582 	28
5941 	6453 	11310 	539 	23
5942 	3394 	12572 	548 	25
5942 	6454 	11440 	547 	23
5943 	3393 	12368 	537 	25
5943 	6454 	11899 	552 	24
5944 	3367 	27931 	592 	52
5944 	6455 	11469 	549 	23
5945 	3365 	27947 	611 	52
5945 	6455 	11472 	549 	23
5946 	3390 	11865 	533 	24
5946 	6455 	13128 	591 	26
5947 	3389 	12022 	536 	24
5947 	6456 	14657 	614 	28
5948 	3388 	11807 	528 	24
5948 	6456 	14481 	628 	28
5949 	3387 	12156 	543 	24
5949 	6457 	13510 	596 	26
5950 	3385 	12425 	535 	25
5950 	6457 	13352 	601 	26
5951 	3384 	12449 	538 	25
5951 	6455 	14287 	572 	28
5952 	3384 	11775 	531 	24
5952 	6453 	15032 	539 	30
5953 	3383 	11800 	527 	24
5953 	6451 	16046 	546 	32
5954 	3381 	11953 	532 	24
5954 	6451 	17378 	632 	33
5955 	3380 	11821 	526 	24
5955 	6462 	11282 	536 	23
5956 	3379 	11673 	525 	24
5956 	6462 	11629 	532 	24
5957 	3377 	12315 	528 	25
5957 	6463 	11958 	558 	24
5958 	3377 	11234 	523 	23
5958 	6464 	11232 	534 	23
5959 	3376 	11980 	538 	24
5959 	6464 	11947 	546 	24
5960 	3374 	12538 	541 	25
5960 	6465 	11473 	542 	23
5961 	3373 	12770 	561 	25
5961 	6466 	11668 	556 	23
5962 	3371 	13199 	557 	26
5962 	6467 	11549 	547 	23
5963 	3371 	12160 	546 	24
5963 	6467 	12205 	561 	24
5964 	3370 	11996 	536 	24
5964 	6467 	13364 	594 	26
5965 	3368 	13417 	570 	26
5965 	6469 	11738 	556 	23
5966 	3367 	12538 	547 	25
5966 	6469 	11474 	543 	23
5967 	3366 	12028 	538 	24
5967 	6470 	12049 	551 	24
5968 	3365 	11108 	520 	23
5968 	6471 	11187 	539 	23
5969 	3363 	12255 	532 	25
5969 	6471 	11696 	543 	24
5970 	3361 	14986 	606 	29
5970 	6472 	11892 	547 	24
5971 	3361 	13549 	574 	27
5971 	6473 	11787 	550 	24
5972 	3360 	12475 	555 	25
5972 	6474 	11342 	546 	23
5973 	3359 	11823 	534 	24
5973 	6474 	11288 	540 	23
5974 	3358 	11778 	532 	24
5974 	6475 	11311 	540 	23
5975 	3357 	11813 	529 	24
5975 	6475 	11987 	565 	24
5976 	3356 	11990 	539 	24
5976 	6475 	13846 	598 	27
5977 	3355 	11880 	533 	24
5977 	6476 	12545 	566 	25
5978 	3354 	11761 	530 	24
5978 	6477 	11936 	563 	24
5979 	3352 	12613 	547 	25
5979 	6478 	11575 	553 	23
5980 	3351 	12996 	550 	26
5980 	6479 	11457 	553 	23
5981 	3350 	12342 	535 	25
5981 	6479 	12509 	570 	25
5982 	3350 	11339 	533 	23
5982 	6480 	11872 	549 	24
5983 	3348 	12129 	546 	24
5983 	6480 	12168 	563 	24
5984 	3347 	12353 	537 	25
5984 	6481 	12614 	579 	25
5985 	3346 	12164 	545 	24
5985 	6481 	12321 	571 	24
5986 	3344 	12652 	547 	25
5986 	6481 	13645 	618 	26
5987 	3341 	14178 	592 	27
5987 	6480 	15337 	686 	28
5988 	3341 	13765 	568 	27
5988 	6479 	15829 	633 	30
5989 	3341 	11891 	538 	24
5989 	6479 	14968 	597 	29
5990 	3339 	12521 	544 	25
5990 	6477 	16999 	623 	32
5991 	3338 	12453 	540 	25
5991 	6476 	17755 	595 	34
5992 	3337 	12099 	542 	24
5992 	6476 	18411 	583 	35
5993 	3336 	12216 	552 	24
5993 	6473 	19875 	591 	38
5994 	3334 	12196 	550 	24
5994 	6470 	21358 	609 	41
5995 	3333 	12017 	545 	24
5995 	6468 	21736 	570 	43
5996 	3331 	12666 	550 	25
5996 	6466 	23799 	557 	47
5997 	3330 	12548 	540 	25
5997 	6464 	12131 	559 	24
5997 	6489 	11569 	550 	23
5998 	3329 	11916 	536 	24
5998 	6463 	11974 	561 	24
5998 	6489 	11885 	549 	24
5999 	3327 	12304 	534 	25
5999 	6464 	11403 	553 	23
5999 	6490 	11807 	542 	24
6000 	3326 	12154 	544 	24
6000 	6464 	12244 	568 	24
6000 	6490 	11582 	553 	23
6001 	3325 	12269 	551 	24
6001 	6464 	12853 	575 	25
6001 	6491 	11749 	559 	23
6002 	3323 	12502 	541 	25
6002 	6466 	11546 	553 	23
6002 	6491 	11478 	549 	23
6003 	3323 	11578 	541 	23
6003 	6469 	23175 	555 	46
6004 	3321 	12760 	550 	25
6004 	6471 	23113 	563 	45
6005 	3320 	12205 	552 	24
6005 	6473 	22429 	561 	44
6006 	3319 	12147 	547 	24
6006 	6475 	21519 	564 	42
6007 	3317 	12377 	539 	25
6007 	6478 	20379 	580 	40
6008 	3316 	12834 	558 	25
6008 	6483 	20269 	623 	37
6009 	3315 	12232 	550 	24
6009 	6489 	16821 	656 	31
6010 	3314 	12033 	540 	24
6010 	6493 	14520 	604 	28
6011 	3312 	13320 	566 	26
6011 	6495 	14137 	612 	27
6012 	3311 	12674 	554 	25
6012 	6497 	16167 	577 	31
6013 	3310 	12073 	544 	24
6013 	6497 	17992 	561 	35
6014 	3309 	12710 	545 	25
6014 	6498 	18988 	555 	37
6015 	3307 	13670 	588 	26
6015 	6499 	24258 	575 	46
6016 	3306 	13012 	555 	26
6016 	6499 	22924 	558 	46
6017 	3306 	11935 	538 	24
6017 	6501 	11477 	550 	23
6018 	3305 	12018 	543 	24
6018 	6501 	11531 	549 	23
6019 	3303 	11823 	529 	24
6019 	6502 	11386 	545 	23
6020 	3302 	11801 	530 	24
6020 	6502 	11788 	541 	24
6021 	3300 	13871 	583 	27
6021 	6503 	11559 	550 	23
6022 	3299 	13799 	565 	27
6022 	6503 	12749 	568 	25
6023 	3299 	11899 	539 	24
6023 	6504 	12096 	577 	24
6024 	3298 	12774 	560 	25
6024 	6504 	12731 	563 	25
6025 	3297 	12243 	554 	24
6025 	6505 	12215 	560 	24
6026 	3296 	12169 	547 	24
6026 	6506 	12186 	557 	24
6027 	3292 	13546 	552 	27
6027 	6506 	12000 	560 	24
6028 	3290 	14312 	566 	28
6028 	6508 	11563 	554 	23
6029 	3292 	12101 	544 	24
6029 	6508 	12181 	562 	24
6030 	3291 	12106 	540 	24
6030 	6508 	14170 	624 	27
6031 	3290 	12012 	541 	24
6031 	6509 	12105 	564 	24
6032 	3289 	12047 	543 	24
6032 	6510 	12030 	554 	24
6033 	3287 	12211 	549 	24
6033 	6511 	12313 	566 	24
6034 	3287 	11874 	534 	24
6034 	6511 	12558 	567 	25
6035 	3286 	11530 	537 	23
6035 	6512 	11518 	543 	23
6036 	3284 	11456 	535 	23
6036 	6511 	13902 	595 	27
6037 	3283 	11308 	525 	23
6037 	6508 	15854 	648 	30
6038 	3281 	12410 	538 	25
6038 	6514 	12013 	551 	24
6039 	3280 	12538 	545 	25
6039 	6515 	12033 	557 	24
6040 	3279 	12488 	554 	25
6040 	6515 	12533 	570 	25
6041 	3278 	12230 	553 	24
6041 	6515 	13719 	620 	26
6042 	3277 	12362 	537 	25
6042 	6514 	14566 	635 	28
6043 	3276 	11590 	542 	23
6043 	6513 	15288 	597 	29
6044 	3275 	11790 	551 	23
6044 	6509 	17359 	573 	33
6045 	3272 	12484 	528 	25
6045 	6505 	18908 	541 	38
6046 	3252 	22695 	557 	44
6046 	6500 	21400 	540 	43
6047 	3244 	26562 	586 	52
6047 	6489 	14884 	567 	29
6047 	6521 	11507 	549 	23
6048 	3229 	16469 	537 	33
6048 	3268 	13333 	548 	27
6048 	6491 	7658 	494 	16
6048 	6522 	11213 	533 	23
6049 	3229 	13094 	542 	26
6049 	3268 	12512 	539 	25
6049 	6522 	11975 	546 	24
6050 	3267 	11949 	535 	24
6050 	6522 	12019 	561 	24
6051 	3266 	12037 	541 	24
6051 	6523 	12003 	544 	24
6052 	3264 	12849 	540 	26
6052 	6524 	11342 	543 	23
6053 	3263 	13135 	557 	26
6053 	6524 	11963 	548 	24
6054 	3262 	12550 	552 	25
6054 	6525 	11406 	542 	23
6055 	3260 	13500 	549 	27
6055 	6526 	11419 	543 	23
6056 	3260 	11795 	530 	24
6056 	6526 	11841 	550 	24
6057 	3259 	11375 	530 	23
6057 	6527 	11413 	544 	23
6058 	3258 	11678 	521 	24
6058 	6528 	11217 	535 	23
6059 	3256 	11801 	528 	24
6059 	6528 	11363 	547 	23
6060 	3254 	12666 	529 	26
6060 	6528 	11646 	532 	24
6061 	3253 	15486 	554 	31
6061 	6529 	11829 	550 	24
6062 	3251 	19521 	588 	37
6062 	6530 	11604 	557 	23
6063 	3251 	12449 	542 	25
6063 	6530 	11316 	542 	23
6064 	3250 	11391 	531 	23
6064 	6531 	11452 	547 	23
6065 	3249 	11740 	524 	24
6065 	6532 	11233 	533 	23
6066 	3248 	11743 	529 	24
6066 	6532 	11211 	532 	23
6067 	3246 	11974 	538 	24
6067 	6533 	11459 	547 	23
6068 	3245 	12335 	540 	25
6068 	6533 	11245 	534 	23
6069 	3244 	11951 	536 	24
6069 	6534 	11546 	552 	23
6070 	3242 	11789 	526 	24
6070 	6534 	11401 	546 	23
6071 	3241 	11823 	528 	24
6071 	6535 	12033 	567 	24
6072 	3240 	11848 	530 	24
6072 	6535 	11881 	545 	24
6073 	3238 	12513 	550 	25
6073 	6536 	11479 	551 	23
6074 	3237 	12523 	543 	25
6074 	6537 	11512 	549 	23
6075 	3236 	11925 	535 	24
6075 	6537 	11880 	541 	24
6076 	3235 	11803 	523 	24
6076 	6538 	11354 	535 	23
6077 	3234 	11914 	531 	24
6077 	6539 	11452 	545 	23
6078 	3232 	12543 	545 	25
6078 	6539 	11491 	544 	23
6079 	3232 	12188 	551 	24
6079 	6540 	11639 	553 	23
6080 	3230 	12028 	536 	24
6080 	6541 	11651 	558 	23
6081 	3230 	11508 	536 	23
6081 	6541 	12028 	553 	24
6082 	3227 	12537 	542 	25
6082 	6542 	11540 	549 	23
6083 	3226 	13336 	571 	26
6083 	6543 	11648 	555 	23
6084 	3225 	12632 	547 	25
6084 	6543 	12114 	562 	24
6085 	3219 	15676 	582 	30
6085 	6544 	11691 	557 	23
6086 	3219 	14704 	589 	28
6086 	6545 	11742 	556 	23
6087 	3219 	14666 	594 	28
6087 	6545 	12275 	561 	24
6088 	3220 	13245 	571 	26
6088 	6546 	12117 	571 	24
6089 	3218 	14190 	571 	28
6089 	6546 	11897 	543 	24
6090 	3217 	14164 	595 	27
6090 	6547 	12392 	572 	24
6091 	3216 	13111 	559 	26
6091 	6547 	12725 	590 	25
6092 	3214 	13849 	586 	27
6092 	6548 	12085 	559 	24
6093 	3213 	14435 	589 	28
6093 	6549 	12081 	552 	24
6094 	3214 	11920 	540 	24
6094 	6550 	11394 	543 	23
6095 	3213 	11859 	534 	24
6095 	6550 	12471 	556 	25
6096 	3212 	12098 	543 	24
6096 	6551 	11614 	553 	23
6097 	3211 	12133 	544 	24
6097 	6552 	11625 	551 	23
6098 	3210 	12234 	545 	24
6098 	6553 	11748 	556 	23
6099 	3209 	11386 	534 	23
6099 	6553 	11473 	550 	23
6100 	3208 	12198 	551 	24
6100 	6553 	12199 	559 	24
6101 	3207 	12065 	543 	24
6101 	6554 	11509 	545 	23
6102 	3205 	11892 	534 	24
6102 	6555 	11428 	542 	23
6103 	3204 	12006 	541 	24
6103 	6555 	11462 	542 	23
6104 	3202 	13144 	566 	26
6104 	6556 	11425 	538 	23
6105 	3201 	13305 	573 	26
6105 	6557 	11564 	545 	23
6106 	3201 	12129 	544 	24
6106 	6557 	11718 	560 	23
6107 	3200 	12002 	538 	24
6107 	6558 	11551 	546 	23
6108 	6558 	11565 	550 	23
6109 	6559 	11549 	545 	23
6110 	6559 	11584 	547 	23
6111 	6560 	11496 	549 	23
6112 	6560 	11717 	539 	24
6113 	6561 	11203 	536 	23
6114 	6561 	11696 	535 	24
6115 	6562 	11232 	532 	23
6116 	6562 	11216 	530 	23
6117 	6563 	11798 	546 	24
6118 	6563 	11821 	544 	24
6119 	6564 	11794 	547 	24
6120 	6565 	11122 	524 	23
6121 	6566 	11218 	535 	23
6122 	6566 	11255 	535 	23
6123 	6566 	11757 	537 	24
6124 	6567 	11256 	533 	23
6125 	6567 	11640 	536 	24
6126 	6568 	11471 	545 	23
6127 	6568 	11765 	542 	24
6237 	3935 	10555 	522 	21
6238 	3936 	8012 	512 	16
6249 	6161 	12187 	537 	25
6250 	6161 	11401 	533 	23
6251 	6242 	10325 	516 	21
6252 	6241 	10762 	516 	22
6317 	3209 	36571 	604 	67
6318 	3232 	33351 	561 	63
6319 	3269 	11720 	517 	23
6555 	5433 	8813 	507 	18
6566 	5156 	149786 	592 	285
6566 	5448 	9452 	502 	19
6566 	5915 	8220 	503 	17
6566 	6749 	12701 	535 	26
6566 	6779 	12665 	523 	26
6566 	6862 	9628 	495 	20
6567 	5155 	339088 	613 	638
6567 	5797 	12930 	538 	26
6567 	5960 	161177 	445 	370
6567 	6341 	10524 	440 	24
6567 	6367 	9227 	443 	21
6567 	6402 	17552 	444 	40
6567 	6749 	29665 	588 	58
6567 	6852 	20743 	621 	39
6567 	6897 	13946 	514 	28
6567 	6931 	47738 	533 	95
6567 	7047 	130853 	556 	258
6567 	7427 	9236 	502 	19
6567 	7584 	362601 	447 	847
6568 	5667 	648194 	637 	1228
6568 	6901 	9823 	502 	20
6568 	7204 	11010 	443 	25
6568 	7400 	12377 	534 	25
6568 	7543 	26365 	547 	52
6568 	7619 	13950 	517 	28
6568 	7681 	582809 	469 	1413
6569 	5965 	314695 	590 	616
6569 	6706 	23060 	551 	45
6569 	6753 	13373 	535 	27
6569 	6781 	8183 	496 	17
6569 	6958 	21009 	441 	48
6569 	7071 	7896 	441 	18
6569 	7097 	7886 	440 	18
6569 	7122 	10076 	443 	23
6569 	7152 	20549 	439 	47
6569 	7202 	30204 	442 	69
6569 	7542 	25206 	521 	51
6569 	7618 	15394 	515 	31
6569 	7743 	7898 	442 	18
6570 	6510 	29151 	555 	56
6570 	6727 	19471 	543 	38
6570 	6772 	11843 	531 	24
6571 	6542 	16772 	547 	33
6571 	6645 	12452 	542 	25
6571 	6739 	28060 	556 	56
6572 	6552 	14016 	541 	28
6572 	6645 	15204 	562 	30
6572 	6749 	21561 	569 	43
6573 	6559 	11804 	528 	24
6573 	6585 	11221 	517 	23
6573 	6653 	14406 	530 	29
6573 	6750 	35841 	673 	68
6574 	6562 	11324 	520 	23
6574 	6650 	19035 	564 	37
6574 	6753 	29001 	733 	53
6575 	6564 	11835 	523 	24
6575 	6651 	18458 	530 	37
6575 	6755 	27479 	603 	53
6576 	6568 	12554 	536 	25
6576 	6767 	21851 	576 	42
6577 	6572 	13068 	543 	26
6577 	6766 	24212 	603 	45
6578 	6575 	12182 	548 	24
6578 	6775 	23374 	559 	45
6579 	6577 	12773 	550 	25
6579 	6798 	17193 	559 	33
6580 	6580 	13860 	551 	27
6580 	6805 	18601 	579 	35
6581 	6586 	12530 	534 	25
6581 	6691 	16583 	523 	33
6581 	6813 	17360 	605 	33
6582 	6587 	13642 	545 	27
6582 	6702 	8410 	505 	17
6582 	6819 	18446 	550 	36
6582 	6905 	13543 	536 	27
6582 	6947 	10856 	519 	22
6583 	6584 	15114 	575 	29
6583 	6830 	17790 	580 	34
6583 	6913 	28867 	540 	56
6584 	6584 	15635 	596 	30
6584 	6837 	16075 	605 	31
6584 	6923 	23209 	588 	44
6585 	6585 	14326 	576 	28
6585 	6841 	14275 	568 	28
6585 	6932 	18422 	546 	36
6586 	6842 	14577 	554 	29
6587 	6842 	19760 	615 	37
6588 	6841 	23806 	664 	43
6589 	6851 	14065 	534 	28
6593 	6902 	12849 	537 	26
6594 	6904 	12595 	517 	26
6595 	6908 	11260 	512 	23
6596 	6901 	14268 	525 	29
6744 	7610 	9459 	510 	19
6745 	7598 	17532 	557 	34
6746 	7587 	19583 	549 	38
6747 	7575 	19460 	554 	38
6748 	7562 	20095 	550 	39
6749 	7552 	20851 	579 	40
6750 	7546 	19343 	580 	37
6751 	7546 	15003 	566 	29
6861 	7797 	11424 	521 	23
7278 	7210 	10170 	516 	21
7637 	5713 	10455 	529 	21
7708 	3229 	9917 	516 	20
7709 	3228 	14365 	543 	28
7710 	3234 	10765 	515 	22
7711 	3223 	17374 	556 	34
7754 	3554 	11961 	536 	24
7755 	3554 	11455 	523 	23
7784 	6066 	10489 	539 	21
7804 	5059 	11005 	531 	22
7809 	5590 	13684 	605 	26
7810 	5592 	9976 	520 	20
7815 	6130 	10472 	522 	21
7816 	6131 	8998 	516 	18
7821 	6064 	11642 	549 	23
7837 	5734 	20100 	613 	37
7838 	5732 	18766 	601 	35
7838 	6781 	8874 	511 	18
7839 	5739 	12069 	581 	23
7843 	6773 	14431 	570 	28
7862 	6079 	9380 	514 	19
7868 	5822 	11400 	538 	23
7869 	5823 	9237 	504 	19
7872 	6766 	12998 	541 	26
7873 	6770 	10272 	512 	21
7875 	5844 	9722 	513 	20
7876 	5839 	12497 	569 	25
7877 	6447 	13846 	532 	28
7878 	6425 	26610 	572 	53
7879 	6427 	25286 	535 	51
7880 	6080 	12368 	558 	25
7880 	6438 	18456 	536 	37
7881 	5838 	9680 	515 	20
7881 	6084 	12463 	568 	25
7881 	6445 	11256 	518 	23
7882 	6086 	13213 	618 	26
7883 	3205 	15257 	582 	30
7883 	6089 	12361 	560 	25
7884 	3210 	15952 	598 	31
7884 	5822 	10583 	525 	22
7884 	6090 	13504 	589 	27
7885 	3215 	17501 	606 	34
7885 	6092 	12312 	556 	25
7886 	3220 	18248 	642 	35
7886 	6094 	12211 	570 	25
7887 	3225 	17903 	623 	34
7887 	6096 	13032 	569 	26
7888 	3232 	17146 	592 	33
7888 	6098 	11997 	555 	24
7889 	3239 	15820 	584 	31
7889 	6098 	11222 	537 	23
7890 	3245 	16631 	603 	32
7890 	6098 	11331 	538 	23
7891 	3250 	17493 	626 	33
7891 	6100 	12051 	556 	24
7892 	3256 	16524 	596 	32
7892 	6104 	12942 	552 	26
7893 	3262 	16448 	604 	32
7893 	6112 	13916 	554 	28
7894 	3266 	17028 	592 	33
7894 	6121 	13529 	565 	27
7895 	3274 	15946 	607 	31
7895 	6129 	11817 	545 	24
7896 	3278 	16816 	599 	32
7896 	6135 	22710 	597 	43
7896 	7099 	9305 	509 	19
7897 	3285 	15952 	582 	31
7897 	6152 	13990 	538 	28
7898 	3291 	17406 	607 	33
7898 	6161 	10951 	540 	22
7899 	3295 	18206 	642 	34
7899 	6162 	12564 	568 	25
7900 	3299 	18476 	635 	35
7901 	3298 	22924 	674 	42
7902 	3298 	24833 	607 	47
7903 	3301 	8637 	493 	18
7903 	3320 	15234 	577 	30
7904 	3325 	16203 	602 	31
7905 	3330 	16253 	597 	31
7906 	3336 	15412 	583 	30
7907 	3341 	15055 	585 	29
7907 	6648 	9860 	515 	20
7908 	3346 	15198 	602 	29
7908 	6648 	12117 	551 	24
7909 	3350 	15778 	600 	30
7909 	6650 	11547 	542 	23
7910 	3356 	15304 	601 	29
7911 	3360 	16359 	605 	31
7912 	3364 	16073 	599 	31
7913 	3370 	15713 	608 	30
7913 	7439 	10883 	523 	22
7914 	3374 	15792 	608 	30
7914 	7438 	13774 	568 	27
7915 	3379 	15422 	584 	30
7915 	7442 	9730 	502 	20
7916 	3383 	15961 	589 	31
7917 	3388 	15619 	602 	30
7917 	6031 	9812 	517 	20
7918 	3389 	18010 	631 	34
7918 	6031 	11421 	539 	23
7919 	3381 	25350 	673 	47
7919 	6032 	13005 	625 	25
7920 	3377 	28012 	586 	55
7920 	6034 	11935 	539 	24
7921 	3376 	11923 	533 	24
7921 	3407 	15502 	589 	30
7921 	6038 	11371 	542 	23
7922 	3411 	15796 	595 	31
7922 	6040 	10650 	525 	22
7923 	3416 	16299 	604 	31
7923 	6042 	11525 	547 	23
7924 	3421 	16351 	616 	31
7924 	6045 	10917 	540 	22
7925 	3425 	16191 	609 	31
7925 	6047 	10799 	529 	22
7926 	3431 	15561 	592 	30
7926 	6049 	10821 	528 	22
7927 	3436 	16129 	603 	31
7927 	6052 	10828 	531 	22
7928 	3440 	16536 	605 	32
7928 	6054 	10693 	528 	22
7929 	3446 	15407 	584 	30
7929 	6055 	13557 	565 	27
7930 	3451 	16677 	601 	32
7930 	6057 	13924 	608 	27
7931 	3455 	16107 	603 	31
7931 	6060 	10818 	532 	22
7932 	3460 	16005 	585 	31
7932 	6062 	11391 	535 	23
7933 	3465 	15918 	595 	31
7933 	6065 	10741 	527 	22
7934 	3469 	16076 	601 	31
7934 	6067 	11278 	531 	23
7935 	3473 	16714 	594 	32
7935 	6069 	11422 	539 	23
7936 	3479 	15435 	585 	30
7936 	6072 	12111 	570 	24
7937 	3483 	16029 	606 	31
7937 	6074 	10761 	528 	22
7938 	3488 	15448 	585 	30
7938 	6076 	11273 	529 	23
7939 	3493 	14913 	583 	29
7939 	6079 	10941 	545 	22
7940 	3497 	15292 	583 	30
7940 	6081 	11260 	534 	23
7941 	3501 	15974 	592 	31
7941 	6083 	16469 	544 	33
7942 	3506 	15649 	600 	30
7942 	6085 	16300 	598 	31
7943 	3510 	16739 	600 	32
7943 	6088 	10938 	540 	22
7944 	3515 	16802 	616 	32
7944 	6091 	10835 	538 	22
7945 	3519 	17401 	614 	33
7945 	6093 	10904 	538 	22
7946 	3524 	16507 	615 	32
7946 	6094 	12383 	578 	25
7947 	3529 	16821 	616 	32
7947 	6097 	11435 	546 	23
7948 	3534 	17188 	598 	33
7948 	6101 	10890 	536 	22
7949 	3541 	15705 	573 	31
7949 	6101 	12466 	575 	25
7949 	6221 	10211 	516 	21
7950 	3546 	16897 	604 	32
7950 	6102 	13177 	556 	26
7950 	6216 	12751 	565 	25
7951 	3551 	16834 	613 	32
7951 	6108 	10989 	542 	22
7951 	6217 	9352 	517 	19
7952 	3557 	17052 	608 	32
7952 	6111 	11127 	550 	22
7953 	3563 	16421 	601 	31
7953 	6113 	11226 	554 	22
7954 	3568 	16355 	591 	31
7954 	6115 	11766 	565 	23
7955 	3574 	16215 	596 	31
7955 	6118 	10962 	539 	22
7956 	3578 	16812 	600 	32
7956 	6120 	10952 	536 	22
7957 	3584 	16966 	613 	32
7957 	6122 	11053 	544 	22
7958 	3588 	19350 	633 	36
7958 	6124 	11435 	542 	23
7959 	3589 	20472 	614 	38
7959 	6127 	11144 	548 	22
7960 	3587 	24504 	599 	47
7960 	6129 	10902 	535 	22
7961 	3586 	26600 	615 	52
7961 	6131 	11314 	537 	23
7962 	3582 	12556 	535 	25
7962 	3612 	16247 	599 	31
7962 	6098 	12780 	587 	25
7962 	6133 	11485 	545 	23
7963 	3572 	16283 	556 	32
7963 	3617 	16582 	591 	32
7963 	6135 	11367 	538 	23
7964 	3571 	13613 	539 	27
7964 	3623 	16207 	595 	31
7964 	6138 	11440 	535 	23
7965 	3628 	16097 	601 	31
7965 	6140 	10837 	532 	22
7966 	3634 	16056 	591 	31
7966 	6143 	10848 	531 	22
7966 	6264 	22799 	576 	45
7967 	3639 	15934 	590 	31
7967 	6145 	10776 	531 	22
7967 	6265 	21040 	595 	41
7968 	3644 	15820 	582 	31
7968 	6147 	10660 	526 	22
7968 	6270 	11275 	536 	23
7969 	3649 	15843 	593 	31
7969 	6150 	10633 	525 	22
7969 	6272 	11679 	530 	24
7970 	3654 	15968 	589 	31
7970 	6151 	11249 	529 	23
7970 	6274 	11937 	554 	24
7971 	3660 	16311 	611 	31
7971 	3692 	9349 	510 	19
7971 	6154 	10858 	528 	22
7971 	6277 	10932 	534 	22
7972 	3663 	28677 	638 	53
7972 	6156 	10828 	532 	22
7972 	6279 	10300 	520 	21
7973 	3668 	23805 	665 	44
7973 	6159 	10851 	537 	22
7973 	6280 	10785 	528 	22
7974 	3672 	17782 	606 	34
7974 	6161 	10749 	527 	22
7974 	6282 	11240 	528 	23
7975 	3677 	16585 	607 	32
7975 	5739 	11297 	555 	23
7975 	6163 	11144 	524 	23
7975 	6284 	11850 	555 	24
7976 	3682 	16569 	619 	32
7976 	5742 	10080 	516 	21
7976 	6166 	10661 	529 	22
7976 	6289 	10655 	520 	22
7977 	3686 	17069 	603 	33
7977 	6168 	11266 	539 	23
7977 	6291 	10671 	519 	22
7978 	3692 	16217 	612 	31
7978 	6169 	13338 	618 	26
7978 	6293 	10721 	518 	22
7979 	3696 	15876 	594 	31
7979 	6171 	12992 	583 	26
7979 	6294 	10107 	508 	21
7980 	3700 	25452 	618 	49
7980 	6172 	13917 	614 	27
7980 	6294 	10342 	520 	21
7981 	3704 	22561 	590 	44
7981 	6173 	13551 	561 	27
7981 	6292 	10750 	528 	22
7982 	3709 	19293 	603 	37
7982 	6172 	15632 	547 	31
7982 	6290 	10290 	521 	21
7983 	3712 	17661 	609 	34
7983 	6168 	19030 	567 	38
7983 	6287 	10648 	519 	22
7984 	3716 	16426 	637 	31
7984 	6173 	17689 	599 	34
7984 	6284 	10331 	527 	21
7985 	3719 	16223 	626 	31
7985 	6188 	10682 	531 	22
7985 	6278 	11237 	528 	23
7986 	3722 	19768 	635 	37
7986 	6190 	11412 	540 	23
7986 	6271 	12486 	543 	25
7987 	3725 	17812 	615 	34
7987 	6193 	10777 	527 	22
7987 	6246 	9769 	509 	20
7987 	6268 	10843 	533 	22
7988 	3730 	15086 	589 	30
7988 	6195 	10524 	516 	22
7988 	6243 	22253 	610 	43
7989 	3734 	14680 	574 	29
7989 	6197 	10734 	526 	22
7990 	3737 	14620 	576 	29
7990 	6200 	10679 	523 	22
7991 	3740 	14958 	597 	29
7991 	6202 	10828 	531 	22
7992 	3742 	16263 	612 	31
7992 	5714 	10381 	525 	21
7992 	6204 	11423 	537 	23
7993 	3746 	24065 	582 	48
7993 	6206 	11826 	552 	24
7994 	3750 	24549 	604 	47
7994 	6207 	13103 	572 	26
7995 	3753 	16018 	604 	31
7995 	6209 	12384 	548 	25
7996 	3756 	15604 	577 	31
7996 	6215 	10603 	518 	22
7997 	3761 	14825 	584 	29
7997 	6217 	10789 	528 	22
7998 	3764 	14740 	578 	29
7998 	6219 	11287 	539 	23
7999 	3768 	14651 	578 	29
7999 	6221 	11118 	522 	23
8000 	3771 	15682 	602 	30
8000 	6224 	11034 	543 	22
8001 	3775 	15791 	606 	30
8001 	6226 	11571 	546 	23
8002 	3779 	15238 	598 	29
8002 	6229 	11055 	539 	22
8003 	3782 	15936 	603 	30
8003 	6231 	11207 	547 	22
8004 	3786 	15929 	607 	30
8004 	6233 	11157 	543 	22
8005 	3790 	15962 	610 	30
8005 	6236 	11161 	547 	22
8006 	3793 	16057 	591 	31
8006 	6238 	10889 	532 	22
8007 	3798 	15919 	601 	30
8007 	6241 	11119 	541 	22
8008 	3801 	15382 	585 	30
8008 	6243 	10811 	529 	22
8009 	3804 	16654 	621 	32
8009 	6245 	10779 	529 	22
8010 	3807 	17744 	658 	33
8010 	6247 	11504 	551 	23
8011 	3809 	18486 	667 	34
8011 	5617 	8160 	497 	17
8011 	6250 	10759 	530 	22
8012 	3811 	21546 	633 	40
8012 	5615 	10825 	528 	22
8012 	6251 	12608 	567 	25
8013 	3820 	15479 	601 	30
8013 	6252 	13041 	579 	26
8014 	3824 	15556 	587 	30
8014 	6256 	11461 	537 	23
8015 	3828 	15629 	596 	30
8015 	6259 	11603 	553 	23
8016 	3831 	15393 	589 	30
8016 	6260 	12055 	564 	24
8017 	3836 	14721 	568 	29
8017 	6264 	10832 	526 	22
8018 	3840 	15229 	577 	30
8018 	6266 	10751 	527 	22
8019 	3844 	15121 	602 	29
8019 	6268 	11408 	538 	23
8020 	3847 	15669 	596 	30
8020 	6271 	10992 	535 	22
8021 	3851 	16141 	596 	31
8021 	6273 	11040 	544 	22
8022 	3855 	15465 	590 	30
8022 	6275 	11435 	544 	23
8023 	3859 	14946 	596 	29
8023 	6277 	11352 	537 	23
8024 	3862 	15794 	600 	30
8024 	6280 	11630 	544 	23
8025 	3866 	15150 	598 	29
8025 	6282 	11498 	539 	23
8026 	3869 	15761 	602 	30
8026 	6285 	11054 	540 	22
8027 	3872 	15926 	619 	30
8027 	6287 	11117 	541 	22
8028 	3876 	15706 	594 	30
8028 	6289 	11515 	538 	23
8029 	3880 	15351 	578 	30
8029 	6292 	10860 	536 	22
8030 	3884 	15540 	585 	30
8030 	6294 	11561 	551 	23
8031 	3888 	15527 	593 	30
8031 	6296 	11456 	544 	23
8032 	3892 	15362 	577 	30
8032 	6299 	11375 	541 	23
8033 	3896 	15450 	585 	30
8033 	6301 	12534 	557 	25
8034 	3900 	15391 	585 	30
8034 	6303 	11333 	539 	23
8035 	3904 	16148 	607 	31
8035 	6306 	11321 	538 	23
8036 	3908 	16631 	621 	32
8036 	6308 	10595 	519 	22
8037 	3910 	17730 	606 	34
8037 	6311 	10795 	527 	22
8038 	3917 	16777 	600 	32
8038 	6313 	10960 	540 	22
8039 	3922 	17548 	628 	33
8039 	6316 	10862 	533 	22
8040 	3927 	17560 	613 	33
8040 	6318 	10987 	537 	22
8041 	3933 	16742 	598 	32
8041 	6320 	11456 	535 	23
8042 	3939 	16097 	585 	31
8042 	6323 	10859 	532 	22
8043 	3944 	16125 	592 	31
8043 	6325 	10909 	534 	22
8044 	3949 	16227 	595 	31
8044 	6327 	11539 	546 	23
8045 	3955 	16232 	604 	31
8045 	6330 	10899 	537 	22
8046 	3958 	16956 	620 	32
8046 	6331 	13325 	597 	26
8047 	3963 	16154 	593 	31
8047 	6333 	14381 	583 	28
8048 	3968 	16180 	589 	31
8048 	6336 	16640 	565 	32
8049 	3973 	15552 	584 	30
8049 	6339 	16881 	549 	33
8050 	3978 	14668 	584 	28
8050 	6341 	17878 	545 	35
8051 	3982 	15022 	582 	29
8051 	6344 	19821 	541 	39
8052 	3986 	14910 	587 	29
8052 	6347 	21748 	533 	44
8053 	3989 	16517 	615 	31
8053 	6349 	26204 	569 	51
8054 	3993 	14878 	571 	29
8054 	6351 	11427 	535 	23
8054 	6383 	15216 	543 	30
8055 	3997 	13968 	540 	28
8055 	6354 	10745 	523 	22
8055 	6393 	12546 	573 	25
8056 	4001 	13463 	541 	27
8056 	6356 	10812 	528 	22
8057 	4004 	14215 	554 	28
8057 	5066 	8295 	506 	17
8057 	6358 	11400 	534 	23
8058 	4007 	14239 	558 	28
8058 	6361 	10930 	536 	22
8059 	4011 	14206 	551 	28
8059 	6363 	11491 	543 	23
8060 	4014 	15720 	593 	30
8060 	6365 	11505 	540 	23
8061 	4016 	17535 	582 	34
8061 	6368 	10833 	536 	22
8062 	4020 	21307 	581 	40
8062 	6368 	13391 	594 	26
8063 	4023 	16718 	560 	33
8063 	6372 	11274 	529 	23
8064 	4028 	13397 	560 	26
8064 	6375 	11079 	542 	22
8065 	4031 	13714 	551 	27
8065 	6377 	11438 	536 	23
8066 	4034 	13899 	562 	27
8066 	6380 	11097 	545 	22
8067 	4037 	14181 	562 	28
8067 	6381 	11404 	546 	23
8068 	4041 	13808 	556 	27
8068 	6218 	10470 	533 	21
8068 	6385 	10508 	537 	21
8069 	4045 	13814 	554 	27
8069 	6387 	11035 	539 	22
8070 	4048 	14076 	548 	28
8070 	5449 	9760 	522 	20
8070 	6389 	11395 	540 	23
8071 	4051 	14291 	557 	28
8071 	6391 	11571 	546 	23
8072 	4056 	14550 	577 	28
8072 	6394 	11128 	544 	22
8073 	4058 	15822 	592 	30
8073 	6397 	11155 	544 	22
8074 	4063 	15080 	568 	29
8074 	6398 	12219 	559 	24
8075 	4067 	14618 	570 	28
8075 	6401 	13733 	606 	26
8076 	4071 	14513 	564 	28
8076 	6402 	13483 	582 	26
8077 	4075 	14370 	560 	28
8077 	6405 	12068 	543 	24
8078 	4078 	14945 	567 	29
8078 	6409 	11051 	539 	22
8079 	4082 	15255 	584 	29
8079 	6411 	11211 	548 	22
8080 	4086 	15290 	561 	30
8080 	6413 	11998 	551 	24
8081 	4091 	14573 	550 	29
8081 	6414 	13168 	587 	26
8082 	4095 	15939 	571 	31
8082 	6416 	12540 	544 	25
8083 	4097 	19125 	632 	36
8083 	6421 	10735 	518 	22
8084 	4101 	18467 	629 	35
8084 	6423 	10710 	518 	22
8085 	4106 	17486 	615 	33
8085 	6426 	10921 	533 	22
8085 	6584 	13224 	572 	26
8086 	4108 	18569 	572 	36
8086 	6428 	10892 	529 	22
8087 	4118 	14709 	555 	29
8087 	6430 	10855 	526 	22
8088 	4122 	15001 	567 	29
8088 	6432 	11073 	540 	22
8089 	4127 	16294 	593 	31
8089 	6435 	11092 	544 	22
8090 	4130 	16901 	593 	32
8090 	6436 	12136 	549 	24
8091 	4137 	15540 	581 	30
8091 	6438 	12051 	555 	24
8092 	4141 	16447 	583 	32
8092 	6442 	10867 	532 	22
8093 	4146 	16412 	574 	32
8093 	6443 	11294 	530 	23
8094 	4152 	16761 	574 	32
8094 	6445 	12737 	559 	25
8095 	6444 	14697 	602 	28
8096 	6451 	12307 	556 	24
8097 	6453 	11516 	542 	23
8098 	6456 	11150 	541 	22
8099 	6458 	11637 	543 	23
8100 	6460 	12238 	551 	24
8101 	6462 	16699 	625 	31
8102 	6465 	11043 	542 	22
8103 	6466 	13875 	584 	27
8104 	6467 	13402 	595 	26
8105 	6471 	11528 	535 	23
8106 	6235 	8948 	514 	18
8106 	6474 	10991 	531 	22
8107 	6236 	8900 	513 	18
8107 	6476 	10989 	536 	22
8108 	6479 	11217 	547 	22
8109 	6481 	10919 	530 	22
8110 	6484 	11078 	539 	22
8111 	6486 	10746 	519 	22
8112 	6489 	11058 	538 	22
8113 	6491 	10848 	528 	22
8114 	6492 	12829 	574 	25
8115 	6495 	11434 	533 	23
8116 	6497 	12124 	549 	24
8117 	6499 	12731 	564 	25
8118 	6503 	11103 	540 	22
8119 	6505 	10881 	527 	22
8120 	6507 	11348 	528 	23
8121 	6510 	10821 	528 	22
8122 	6511 	13033 	563 	26
8123 	6513 	11740 	534 	24
8124 	6515 	14028 	609 	27
8125 	6517 	13785 	589 	27
8126 	6519 	13070 	540 	26
8127 	6519 	14530 	588 	28
8128 	6527 	10798 	525 	22
8129 	6529 	10784 	525 	22
8130 	6531 	11364 	535 	23
8131 	6533 	11320 	530 	23
8132 	6536 	10860 	529 	22
8133 	6538 	10793 	532 	22
8134 	6541 	10767 	527 	22
8135 	6543 	10762 	526 	22
8136 	6545 	11198 	523 	23
8137 	6548 	10863 	531 	22
8138 	6550 	10929 	531 	22
8139 	6552 	11443 	539 	23
8140 	6554 	12156 	559 	24
8141 	6557 	11235 	526 	23
8142 	6560 	10888 	530 	22
8143 	6562 	10793 	530 	22
8144 	6564 	11263 	530 	23
8145 	6567 	11188 	528 	23
8146 	6569 	11267 	528 	23
8147 	6572 	10653 	520 	22
8148 	6574 	11064 	515 	23
8149 	6577 	10634 	516 	22
8150 	6579 	10509 	514 	22
8151 	6581 	10616 	517 	22
8152 	6584 	10897 	530 	22
8153 	6586 	10861 	528 	22
8154 	6588 	11548 	528 	24
8155 	6590 	11766 	535 	24
8156 	6593 	11167 	523 	23
8157 	6596 	10644 	519 	22
8158 	6598 	11264 	529 	23
8159 	6599 	12102 	546 	25
8160 	6601 	11861 	532 	24
8161 	6605 	10961 	533 	22
8162 	6607 	11385 	534 	23
8163 	6609 	11358 	529 	23
8164 	6612 	10742 	526 	22
8165 	6613 	11216 	525 	23
8166 	6616 	11381 	538 	23
8167 	6619 	10705 	519 	22
8168 	6621 	10786 	525 	22
8169 	6623 	11358 	531 	23
8170 	6625 	11897 	539 	24
8171 	6627 	11816 	541 	24
8172 	6631 	10292 	521 	21
8173 	6633 	11156 	528 	23
8174 	6634 	11906 	541 	24
8175 	6636 	11801 	543 	24
8175 	7179 	11189 	517 	23
8176 	6640 	10893 	532 	22
8176 	7180 	9320 	506 	19
8177 	6642 	12064 	551 	24
8178 	6643 	13116 	580 	26
8179 	6646 	11243 	523 	23
8180 	6649 	10714 	522 	22
8181 	6651 	11224 	531 	23
8182 	6652 	12978 	571 	26
8183 	6652 	14401 	601 	28
8184 	6654 	14618 	603 	28
8185 	6657 	14091 	599 	27
8186 	6663 	10965 	529 	22
8187 	6665 	11202 	525 	23
8188 	6668 	10936 	537 	22
8189 	6670 	10794 	529 	22
8190 	6672 	11286 	525 	23
8191 	6675 	10570 	537 	21
8208 	6665 	16388 	587 	32
8208 	6713 	11137 	519 	23
8209 	6595 	9150 	499 	19
8209 	6659 	16434 	589 	32
8209 	6716 	10117 	515 	21
8210 	6590 	13880 	552 	28
8210 	6653 	16414 	602 	32
8210 	6718 	10516 	515 	22
8211 	6588 	12938 	548 	26
8211 	6647 	16478 	585 	32
8211 	6720 	11243 	529 	23
8212 	6640 	15949 	559 	32
8212 	6723 	10497 	512 	22
8213 	6634 	15763 	578 	31
8213 	6725 	10176 	521 	21
8214 	6628 	15864 	590 	31
8214 	6727 	10685 	523 	22
8215 	6622 	16220 	587 	32
8215 	6729 	11084 	520 	23
8216 	6616 	16426 	594 	32
8216 	6732 	10655 	520 	22
8217 	6611 	15314 	583 	30
8217 	6734 	10236 	521 	21
8218 	6606 	15315 	581 	30
8218 	6736 	10650 	517 	22
8219 	6588 	21693 	583 	42
8219 	6738 	10820 	529 	22
8220 	6586 	21064 	630 	39
8220 	6741 	11009 	537 	22
8221 	6586 	18556 	627 	35
8221 	6742 	11755 	538 	24
8222 	6583 	16660 	599 	32
8222 	6741 	13791 	585 	27
8223 	6568 	20992 	588 	40
8223 	6742 	13736 	523 	28
8224 	6569 	18258 	689 	33
8224 	6751 	10530 	538 	21
8225 	6566 	18054 	632 	34
8225 	6752 	11229 	528 	23
8226 	4926 	10482 	543 	21
8226 	6560 	16219 	587 	31
8226 	6754 	11604 	556 	23
8227 	6545 	21824 	660 	41
8227 	6757 	10712 	520 	22
8228 	6548 	18378 	681 	34
8228 	6759 	10757 	532 	22
8229 	6538 	21431 	679 	39
8229 	6761 	10776 	526 	22
8230 	6529 	25147 	651 	46
8230 	6764 	10465 	532 	21
8231 	6525 	20952 	627 	39
8231 	6766 	16263 	530 	33
8232 	3359 	8916 	507 	18
8232 	6524 	18951 	636 	35
8232 	6767 	17858 	585 	34
8233 	3345 	17454 	567 	34
8233 	6521 	17635 	651 	33
8233 	6767 	13799 	611 	27
8234 	3335 	18953 	584 	36
8234 	6518 	15984 	628 	30
8234 	6771 	11988 	539 	24
8235 	3325 	18036 	569 	35
8235 	5527 	11826 	537 	24
8235 	6513 	14804 	575 	29
8235 	6776 	10214 	522 	21
8236 	3316 	18162 	576 	35
8236 	5529 	10369 	524 	21
8236 	6508 	14983 	580 	29
8236 	6777 	10835 	526 	22
8237 	3308 	17046 	580 	33
8237 	6503 	14853 	583 	29
8237 	6779 	10720 	524 	22
8238 	3299 	17720 	580 	34
8238 	6497 	15537 	584 	30
8238 	6781 	10918 	536 	22
8239 	3290 	17331 	580 	33
8239 	6493 	15113 	589 	29
8239 	6784 	10025 	534 	20
8240 	3282 	18010 	603 	34
8240 	6488 	15081 	583 	29
8240 	6786 	11452 	519 	23
8241 	3273 	35943 	612 	69
8241 	6482 	15342 	580 	30
8241 	6789 	10791 	533 	22
8242 	3264 	45222 	743 	81
8242 	6478 	14769 	587 	29
8242 	6791 	10739 	536 	22
8243 	3256 	47279 	695 	85
8243 	6477 	14259 	578 	28
8243 	6792 	10789 	529 	22
8244 	3250 	20219 	670 	37
8244 	3299 	12997 	549 	26
8244 	5752 	10806 	521 	22
8244 	6794 	11288 	533 	23
8245 	3242 	18816 	585 	36
8245 	6795 	11902 	534 	24
8246 	3236 	16597 	593 	32
8246 	6798 	11340 	531 	23
8247 	3230 	16606 	590 	32
8247 	6800 	11428 	534 	23
8248 	3224 	15609 	557 	31
8248 	6803 	11235 	527 	23
8249 	3219 	14483 	579 	28
8249 	6805 	11556 	542 	23
8250 	3218 	13656 	567 	27
8250 	6807 	11310 	528 	23
8251 	3222 	9908 	508 	20
8251 	6810 	10926 	532 	22
8252 	6813 	10355 	521 	21
8253 	6815 	10357 	517 	21
